    unsorted:	 8.119036765e-14 685.3874987 685.3874992 759.7460445 746.6514081 774.9938972 735.3832465 792.7148652 813.0953444 836.2371849 687.1549302 862.1957267 891.6127955 922.2611353 937.5860859 963.3891831 967.6939876 1007.533825 1049.793928 1083.886418 1092.434860 1137.179399 1128.084579 1158.424090 1166.732291 645.8079009 627.0206920 1207.990717 566.4246261 511.4078929 1307.954382 460.4926141 4.087949966e-06 1422.945932 0.001099720147 236.5017448 99.74036314 71.73443007 68.53545888 49.20141275 30.89328925 1703.710364 1752.328919 1913.898081 1993.822660 2033.473851 2189.033158 2244.548116 2410.028072 2524.387413 2692.145298 2840.342181 2950.487014 3039.825964 3073.629734 3264.520483 3334.528641 3793.839726 3903.543269 4248.488464 4328.910506 4361.208982 4638.576057 4840.138993 4896.537842 4991.276105 5249.043553 5583.231435 6889.058029 6971.017044 11483.02349 15079.31029 15617.38592 16680.64576 18660.37485 20394.25830 20627.59570 25007.01062 25244.04547 25988.42689 29940.53559 30519.20188 31241.32909 32364.94123 34241.11992 34364.89475 35021.88394 35357.81401 36210.45232 38762.07464 43574.67226 48303.10315 50337.94082 52834.27653 59757.65603 57865.91953 62720.32063 102983.2127 102982.9497 103086.6795 103434.6561 103608.5002 102606.9746 102135.8247 101706.4571 100892.7928 100749.5385 100250.3221 100052.9266 99889.13559 104726.6919 104648.9800 105455.3014 106052.9843 93728.26858 80636.75181 78975.94903 82418.40212 82769.49209 84426.87578 76749.71343 89478.52163 88188.95274 69802.78594 107992.3248 110017.0042 117688.9533 122816.0034 129247.7719 152414.0921 168805.8850 201995.3385 627313.1529
      sorted:	 8.119036765e-14 4.087949966e-06 0.001099720147 30.89328925 49.20141275 68.53545888 71.73443007 99.74036314 236.5017448 460.4926141 511.4078929 566.4246261 627.0206920 645.8079009 685.3874987 685.3874992 687.1549302 735.3832465 746.6514081 759.7460445 774.9938972 792.7148652 813.0953444 836.2371849 862.1957267 891.6127955 922.2611353 937.5860859 963.3891831 967.6939876 1007.533825 1049.793928 1083.886418 1092.434860 1128.084579 1137.179399 1158.424090 1166.732291 1207.990717 1307.954382 1422.945932 1703.710364 1752.328919 1913.898081 1993.822660 2033.473851 2189.033158 2244.548116 2410.028072 2524.387413 2692.145298 2840.342181 2950.487014 3039.825964 3073.629734 3264.520483 3334.528641 3793.839726 3903.543269 4248.488464 4328.910506 4361.208982 4638.576057 4840.138993 4896.537842 4991.276105 5249.043553 5583.231435 6889.058029 6971.017044 11483.02349 15079.31029 15617.38592 16680.64576 18660.37485 20394.25830 20627.59570 25007.01062 25244.04547 25988.42689 29940.53559 30519.20188 31241.32909 32364.94123 34241.11992 34364.89475 35021.88394 35357.81401 36210.45232 38762.07464 43574.67226 48303.10315 50337.94082 52834.27653 57865.91953 59757.65603 62720.32063 69802.78594 76749.71343 78975.94903 80636.75181 82418.40212 82769.49209 84426.87578 88188.95274 89478.52163 93728.26858 99889.13559 100052.9266 100250.3221 100749.5385 100892.7928 101706.4571 102135.8247 102606.9746 102982.9497 102983.2127 103086.6795 103434.6561 103608.5002 104648.9800 104726.6919 105455.3014 106052.9843 107992.3248 110017.0042 117688.9533 122816.0034 129247.7719 152414.0921 168805.8850 201995.3385 627313.1529
