    unsorted:	 685.3730044 685.3730053 1177.001761 1197.654057 1205.517197 1162.310616 1227.083591 1235.771353 1254.367022 1272.589936 1278.452320 1286.429311 1135.230830 1121.449897 1085.205611 1055.015583 1037.976476 1010.990651 981.0096974 952.1451569 924.9668796 899.5530632 876.1835204 854.6997341 843.7331648 834.7545989 815.2126672 669.4635792 639.5944260 593.5497017 1547.967380 3.339245130e-10 4.308616981e-05 0.001122206260 495.9234796 1655.516196 382.9348697 1789.281351 1832.816349 1903.476797 292.1125992 72.96618600 69.96479786 104.2442336 50.26503430 32.30244375 2061.113957 2112.404156 2263.156614 2421.260179 2577.493340 2659.658965 2787.216771 2932.470753 3046.231263 3163.383531 3176.668889 3706.934732 3788.922029 4227.643734 4160.688503 4315.061455 4740.893772 4651.556429 4794.863657 4884.454586 5227.606101 5570.754590 6689.665456 6970.468387 10542.29196 11705.05614 14458.35424 15688.75577 17498.88755 19780.07136 19273.58636 23904.38230 24314.01857 24546.72110 28211.97428 29633.43588 29993.63693 31093.86172 32918.94998 33201.66576 33710.66799 33957.68497 35657.13851 37942.69715 42754.81498 48844.99196 49354.28946 52641.45310 58904.19053 58291.35710 62291.37451 102421.3539 102421.1915 102596.3436 102716.9458 102801.2648 102201.7283 102080.2196 101380.4500 100868.7826 100616.1006 100188.9530 100004.7834 103865.9495 104300.9683 104335.7915 99470.91666 104894.5414 105489.4302 80519.83014 81445.00518 82489.07954 78685.55672 84008.57609 75400.70320 86530.30394 87607.43497 92836.69846 69467.19173 107451.1430 112623.6459 118518.8741 126799.6951 147599.9929 165932.5313 196629.6237 660009.3846
      sorted:	 3.339245130e-10 4.308616981e-05 0.001122206260 32.30244375 50.26503430 69.96479786 72.96618600 104.2442336 292.1125992 382.9348697 495.9234796 593.5497017 639.5944260 669.4635792 685.3730044 685.3730053 815.2126672 834.7545989 843.7331648 854.6997341 876.1835204 899.5530632 924.9668796 952.1451569 981.0096974 1010.990651 1037.976476 1055.015583 1085.205611 1121.449897 1135.230830 1162.310616 1177.001761 1197.654057 1205.517197 1227.083591 1235.771353 1254.367022 1272.589936 1278.452320 1286.429311 1547.967380 1655.516196 1789.281351 1832.816349 1903.476797 2061.113957 2112.404156 2263.156614 2421.260179 2577.493340 2659.658965 2787.216771 2932.470753 3046.231263 3163.383531 3176.668889 3706.934732 3788.922029 4160.688503 4227.643734 4315.061455 4651.556429 4740.893772 4794.863657 4884.454586 5227.606101 5570.754590 6689.665456 6970.468387 10542.29196 11705.05614 14458.35424 15688.75577 17498.88755 19273.58636 19780.07136 23904.38230 24314.01857 24546.72110 28211.97428 29633.43588 29993.63693 31093.86172 32918.94998 33201.66576 33710.66799 33957.68497 35657.13851 37942.69715 42754.81498 48844.99196 49354.28946 52641.45310 58291.35710 58904.19053 62291.37451 69467.19173 75400.70320 78685.55672 80519.83014 81445.00518 82489.07954 84008.57609 86530.30394 87607.43497 92836.69846 99470.91666 100004.7834 100188.9530 100616.1006 100868.7826 101380.4500 102080.2196 102201.7283 102421.1915 102421.3539 102596.3436 102716.9458 102801.2648 103865.9495 104300.9683 104335.7915 104894.5414 105489.4302 107451.1430 112623.6459 118518.8741 126799.6951 147599.9929 165932.5313 196629.6237 660009.3846
