    unsorted:	 685.3888440 685.3888441 1.160321838e-13 687.8132925 705.6472152 712.7682142 721.3954900 731.9988948 745.1652468 754.8313460 761.0160187 779.7778804 801.7415718 824.8603244 841.5017510 650.4139370 866.9831290 902.4702962 618.5110377 603.7367824 942.4071761 986.4421605 1018.572077 1032.962219 1057.396475 1073.625193 1084.990487 455.2380411 -5.629505154e-07 1301.206777 1366.552280 75.77141687 1474.895905 1532.994656 203.2834379 87.57571068 60.01927164 47.88839197 42.67548017 107.6645887 1609.736448 1783.671652 1891.768003 2142.574033 2260.521942 2326.800611 2371.841819 2551.943498 2674.199303 2713.311896 3027.633863 3102.054889 3255.485839 3336.952861 3426.306754 3511.725672 3691.779973 3854.175719 3833.326515 4291.871210 4347.305690 4546.688600 4684.915922 4645.003082 4772.649820 5287.242210 5692.679811 5911.886458 6074.033207 11258.83364 25801.00736 25488.99987 26247.25392 26798.75168 27376.37255 27764.46965 23060.24001 22405.93837 19556.06269 30447.76514 30956.79087 33026.44407 33261.07947 35833.97246 37054.54629 39980.09772 40092.63287 39502.09313 41198.59201 42217.40986 45732.03427 51665.38660 51846.61416 56499.66054 59935.49137 62977.11287 64985.16841 66722.63297 103335.9065 103333.6629 103426.9540 103719.0628 104164.9518 102257.3175 102091.7785 104473.3540 100938.3659 100859.7334 101073.1592 100392.8261 100105.2488 99903.38186 105161.7163 105250.7131 106224.7710 80705.30970 80359.04935 79144.22400 82463.39821 77402.44942 84936.28247 84601.83383 94545.17069 88978.71622 71286.15450 108230.9627 114719.4139 119671.4954 124547.9143 132548.1833 146174.4837 172327.3852 289004.0813
      sorted:	 -5.629505154e-07 1.160321838e-13 42.67548017 47.88839197 60.01927164 75.77141687 87.57571068 107.6645887 203.2834379 455.2380411 603.7367824 618.5110377 650.4139370 685.3888440 685.3888441 687.8132925 705.6472152 712.7682142 721.3954900 731.9988948 745.1652468 754.8313460 761.0160187 779.7778804 801.7415718 824.8603244 841.5017510 866.9831290 902.4702962 942.4071761 986.4421605 1018.572077 1032.962219 1057.396475 1073.625193 1084.990487 1301.206777 1366.552280 1474.895905 1532.994656 1609.736448 1783.671652 1891.768003 2142.574033 2260.521942 2326.800611 2371.841819 2551.943498 2674.199303 2713.311896 3027.633863 3102.054889 3255.485839 3336.952861 3426.306754 3511.725672 3691.779973 3833.326515 3854.175719 4291.871210 4347.305690 4546.688600 4645.003082 4684.915922 4772.649820 5287.242210 5692.679811 5911.886458 6074.033207 11258.83364 19556.06269 22405.93837 23060.24001 25488.99987 25801.00736 26247.25392 26798.75168 27376.37255 27764.46965 30447.76514 30956.79087 33026.44407 33261.07947 35833.97246 37054.54629 39502.09313 39980.09772 40092.63287 41198.59201 42217.40986 45732.03427 51665.38660 51846.61416 56499.66054 59935.49137 62977.11287 64985.16841 66722.63297 71286.15450 77402.44942 79144.22400 80359.04935 80705.30970 82463.39821 84601.83383 84936.28247 88978.71622 94545.17069 99903.38186 100105.2488 100392.8261 100859.7334 100938.3659 101073.1592 102091.7785 102257.3175 103333.6629 103335.9065 103426.9540 103719.0628 104164.9518 104473.3540 105161.7163 105250.7131 106224.7710 108230.9627 114719.4139 119671.4954 124547.9143 132548.1833 146174.4837 172327.3852 289004.0813
