    unsorted:	 685.3828050 685.3828061 1142.596398 1135.920075 1162.867143 1180.363872 1193.946490 1213.570646 1227.327225 1236.540650 1098.441325 1057.508790 1255.329003 1021.352896 1002.010661 977.8455424 946.3603113 916.8117326 889.2861965 895.3821231 864.1725695 841.2461669 820.6977115 802.2836839 785.6247975 760.3641128 1326.172456 653.2385696 621.0254423 577.6377514 526.4139350 4.016032698e-09 0.0002286641795 0.008901675779 412.9216113 1620.214409 1695.612523 269.0939842 69.41326925 72.45236188 102.4366084 49.85000198 31.74921217 1845.328363 1905.573222 1960.324498 2122.466453 2167.445193 2327.653215 2464.471635 2633.499096 2741.698840 2854.324975 2980.925004 3057.841867 3208.421308 3233.734776 3744.252165 3836.756686 4197.753730 4279.195586 4327.576809 4650.757612 4777.911635 4838.418176 4925.895064 5239.099812 5579.008145 6767.604294 6976.413319 10924.60367 12958.38555 14913.64235 16071.31464 17962.18244 19726.69663 20114.54935 24612.69160 24303.80864 25127.96933 28888.13033 29999.92669 30481.92460 31573.23468 34206.83906 33686.91274 33489.60600 34453.54941 35870.03622 38246.83135 43076.34333 48791.09450 49484.82430 52686.11901 59255.04985 58031.27485 62381.73443 102667.1919 102666.9917 102770.4091 102943.6910 103125.0874 102373.4091 102087.6350 101458.0447 100854.7838 100643.5593 100123.0211 100075.9167 99604.27025 104181.5372 104471.3322 104899.5398 105228.4600 106458.6755 78785.02313 80577.96268 81915.06474 82478.11616 84123.75740 75941.76756 88204.89373 87542.34718 93147.93315 69525.31295 108090.8884 115736.2705 118978.3432 127969.3851 151201.9693 166209.1052 197393.0629 626470.1573
      sorted:	 4.016032698e-09 0.0002286641795 0.008901675779 31.74921217 49.85000198 69.41326925 72.45236188 102.4366084 269.0939842 412.9216113 526.4139350 577.6377514 621.0254423 653.2385696 685.3828050 685.3828061 760.3641128 785.6247975 802.2836839 820.6977115 841.2461669 864.1725695 889.2861965 895.3821231 916.8117326 946.3603113 977.8455424 1002.010661 1021.352896 1057.508790 1098.441325 1135.920075 1142.596398 1162.867143 1180.363872 1193.946490 1213.570646 1227.327225 1236.540650 1255.329003 1326.172456 1620.214409 1695.612523 1845.328363 1905.573222 1960.324498 2122.466453 2167.445193 2327.653215 2464.471635 2633.499096 2741.698840 2854.324975 2980.925004 3057.841867 3208.421308 3233.734776 3744.252165 3836.756686 4197.753730 4279.195586 4327.576809 4650.757612 4777.911635 4838.418176 4925.895064 5239.099812 5579.008145 6767.604294 6976.413319 10924.60367 12958.38555 14913.64235 16071.31464 17962.18244 19726.69663 20114.54935 24303.80864 24612.69160 25127.96933 28888.13033 29999.92669 30481.92460 31573.23468 33489.60600 33686.91274 34206.83906 34453.54941 35870.03622 38246.83135 43076.34333 48791.09450 49484.82430 52686.11901 58031.27485 59255.04985 62381.73443 69525.31295 75941.76756 78785.02313 80577.96268 81915.06474 82478.11616 84123.75740 87542.34718 88204.89373 93147.93315 99604.27025 100075.9167 100123.0211 100643.5593 100854.7838 101458.0447 102087.6350 102373.4091 102666.9917 102667.1919 102770.4091 102943.6910 103125.0874 104181.5372 104471.3322 104899.5398 105228.4600 106458.6755 108090.8884 115736.2705 118978.3432 127969.3851 151201.9693 166209.1052 197393.0629 626470.1573
