    unsorted:	 1.186946785e-13 685.3880964 685.3880963 6.391066324e-08 4.495034496e-06 733.2825845 744.7297328 722.6545675 758.1953827 774.0502784 792.6224562 814.0081521 838.3413875 866.3409540 896.5358599 911.8982802 938.5903098 666.3542335 645.2247291 977.7905064 986.2752635 1021.547127 1063.881280 1065.257666 1105.947368 1113.430698 1135.725599 1143.798890 625.9027762 577.9090429 1217.790566 492.1302071 475.8358365 1321.658424 1460.066859 227.0002211 98.83753457 71.50911714 68.22976709 48.97841602 30.59377257 1726.693011 1770.827032 1933.640508 2019.104146 2055.217311 2207.819863 2268.782757 2434.774880 2543.816941 2707.012415 2868.620205 2979.460479 3056.385724 3082.126845 3282.026663 3369.443678 3809.567328 3924.677505 4264.428233 4330.333662 4385.682129 4633.249260 4862.186399 4913.414617 5015.644420 5251.023675 5583.324139 6922.056853 6984.651320 11685.95136 15913.85881 15765.72953 16904.21745 18897.40908 20616.52948 20804.74639 25144.83778 25637.22735 26280.79449 30296.31886 30699.55043 31505.79651 32642.95409 34405.90195 34649.51083 35305.56836 35702.76675 36329.78400 38950.33047 43745.21905 48277.79241 50651.05574 52905.08884 59918.76503 58019.96663 62888.96319 103076.2780 103075.9932 103192.2828 103657.4538 103769.9671 102700.5568 102164.4628 101821.9734 100919.3900 100800.5847 100313.2109 100040.3239 100004.2084 104887.4701 104707.9325 105619.3365 106487.4351 93946.42954 80650.98935 82472.58674 82998.22618 84555.79822 79046.80488 77012.54462 88382.67967 89838.08166 70096.21282 108307.7851 111005.8907 117988.8250 124498.9397 129798.7229 152165.0321 169978.0016 208534.7469 771541.0007
      sorted:	 1.186946785e-13 6.391066324e-08 4.495034496e-06 30.59377257 48.97841602 68.22976709 71.50911714 98.83753457 227.0002211 475.8358365 492.1302071 577.9090429 625.9027762 645.2247291 666.3542335 685.3880963 685.3880964 722.6545675 733.2825845 744.7297328 758.1953827 774.0502784 792.6224562 814.0081521 838.3413875 866.3409540 896.5358599 911.8982802 938.5903098 977.7905064 986.2752635 1021.547127 1063.881280 1065.257666 1105.947368 1113.430698 1135.725599 1143.798890 1217.790566 1321.658424 1460.066859 1726.693011 1770.827032 1933.640508 2019.104146 2055.217311 2207.819863 2268.782757 2434.774880 2543.816941 2707.012415 2868.620205 2979.460479 3056.385724 3082.126845 3282.026663 3369.443678 3809.567328 3924.677505 4264.428233 4330.333662 4385.682129 4633.249260 4862.186399 4913.414617 5015.644420 5251.023675 5583.324139 6922.056853 6984.651320 11685.95136 15765.72953 15913.85881 16904.21745 18897.40908 20616.52948 20804.74639 25144.83778 25637.22735 26280.79449 30296.31886 30699.55043 31505.79651 32642.95409 34405.90195 34649.51083 35305.56836 35702.76675 36329.78400 38950.33047 43745.21905 48277.79241 50651.05574 52905.08884 58019.96663 59918.76503 62888.96319 70096.21282 77012.54462 79046.80488 80650.98935 82472.58674 82998.22618 84555.79822 88382.67967 89838.08166 93946.42954 100004.2084 100040.3239 100313.2109 100800.5847 100919.3900 101821.9734 102164.4628 102700.5568 103075.9932 103076.2780 103192.2828 103657.4538 103769.9671 104707.9325 104887.4701 105619.3365 106487.4351 108307.7851 111005.8907 117988.8250 124498.9397 129798.7229 152165.0321 169978.0016 208534.7469 771541.0007
