    unsorted:	 685.3884847 685.3884847 731.9888544 722.1576635 743.7310452 757.7478784 710.8294188 774.4956028 794.0581162 816.6495997 843.0140122 872.1428683 886.7918961 912.0655534 652.6711016 639.1713770 623.9750795 951.1870297 992.4478657 1004.866986 1038.772633 1043.761660 1091.056456 1082.487231 1112.909091 1121.193549 589.1937260 1227.668764 493.6627748 470.1232955 1.102215139e-08 0.0002201958953 0.08228522353 1333.712174 218.2660010 97.92910674 71.28978812 67.91695984 48.75046342 30.28140255 1498.656335 1747.869795 1789.152744 1951.929975 2042.601966 2075.276342 2225.380377 2291.963387 2457.551181 2562.908870 2720.070518 2895.041949 3004.812406 3070.885660 3095.097340 3299.027588 3404.750636 3824.371487 3945.077720 4276.911670 4330.628908 4410.793525 4627.362038 4884.461908 4928.183210 5041.354435 5252.340035 5582.567453 6926.166748 7016.667841 11872.74321 17167.91061 16551.92554 16077.91468 19136.97983 20986.80247 20839.04002 25279.23349 26072.89923 26587.40923 30902.83196 30635.45555 31776.95011 32926.62519 34560.70301 34936.16868 35585.89555 36070.58232 36452.66711 39142.68208 43918.09687 48138.23630 50966.70190 52973.79530 60077.27976 57996.73494 63028.56984 103163.8904 103163.5832 103298.9910 103904.8650 103939.5840 102760.9809 102202.0985 101950.4879 100954.6202 100858.9018 100377.7826 100127.7328 100031.1073 104755.3332 105038.5389 105794.5540 106982.4260 94174.28199 82516.38719 84697.16259 83220.19501 80663.17862 79119.42291 88578.74744 90160.41881 77267.24536 70183.15451 108575.9186 112076.6745 118050.8061 126000.9516 130470.4420 151714.9503 171033.5684 209659.1240 752372.3375
      sorted:	 1.102215139e-08 0.0002201958953 0.08228522353 30.28140255 48.75046342 67.91695984 71.28978812 97.92910674 218.2660010 470.1232955 493.6627748 589.1937260 623.9750795 639.1713770 652.6711016 685.3884847 685.3884847 710.8294188 722.1576635 731.9888544 743.7310452 757.7478784 774.4956028 794.0581162 816.6495997 843.0140122 872.1428683 886.7918961 912.0655534 951.1870297 992.4478657 1004.866986 1038.772633 1043.761660 1082.487231 1091.056456 1112.909091 1121.193549 1227.668764 1333.712174 1498.656335 1747.869795 1789.152744 1951.929975 2042.601966 2075.276342 2225.380377 2291.963387 2457.551181 2562.908870 2720.070518 2895.041949 3004.812406 3070.885660 3095.097340 3299.027588 3404.750636 3824.371487 3945.077720 4276.911670 4330.628908 4410.793525 4627.362038 4884.461908 4928.183210 5041.354435 5252.340035 5582.567453 6926.166748 7016.667841 11872.74321 16077.91468 16551.92554 17167.91061 19136.97983 20839.04002 20986.80247 25279.23349 26072.89923 26587.40923 30635.45555 30902.83196 31776.95011 32926.62519 34560.70301 34936.16868 35585.89555 36070.58232 36452.66711 39142.68208 43918.09687 48138.23630 50966.70190 52973.79530 57996.73494 60077.27976 63028.56984 70183.15451 77267.24536 79119.42291 80663.17862 82516.38719 83220.19501 84697.16259 88578.74744 90160.41881 94174.28199 100031.1073 100127.7328 100377.7826 100858.9018 100954.6202 101950.4879 102202.0985 102760.9809 103163.5832 103163.8904 103298.9910 103904.8650 103939.5840 104755.3332 105038.5389 105794.5540 106982.4260 108575.9186 112076.6745 118050.8061 126000.9516 130470.4420 151714.9503 171033.5684 209659.1240 752372.3375
