    unsorted:	 685.3887387 685.3887387 2.383587647e-11 721.2543521 712.9614634 731.3680946 743.6198343 699.4867103 758.5683283 776.2916439 797.0774365 821.6496562 849.2932691 862.2374718 886.9941508 650.1496295 623.1209343 621.7246758 600.2961548 925.0973424 966.7250754 1010.359947 1020.870714 1026.027495 1058.922533 1069.715156 1090.219541 1098.966836 508.7655132 4.864355794e-06 0.0005067529723 451.2431612 1237.516438 1344.390927 97.01591499 71.07707772 67.59950575 48.51971013 29.96343690 210.2882233 1538.858286 1767.656963 1807.270660 1968.829867 2064.522035 2094.442588 2242.770185 2314.651197 2479.734883 2581.833446 2731.596407 2919.831637 3025.146508 3083.918281 3113.872307 3315.571087 3440.507454 3839.249901 3965.036675 4286.449562 4333.545456 4436.102775 4621.706922 4906.486780 4943.044650 5068.473975 5253.342398 5581.441399 6919.610669 7072.755889 12082.45913 16333.58553 17092.55743 17603.09700 19382.20798 21175.71393 21062.24575 25412.64288 26935.06581 26526.48748 31178.51840 30913.47790 32057.95387 33215.84980 34713.20654 35224.99124 35866.04902 36457.87138 36582.52203 39345.91769 44093.58767 48156.06658 51294.84152 53054.80939 58189.95320 60233.63426 63207.69482 103246.4015 103246.0718 103408.0547 102256.9656 102083.3191 102844.5964 100922.7706 101002.1641 100443.2785 100258.5378 100025.4392 104086.7072 104208.0901 104805.9009 105184.8582 105987.3567 94412.29646 84850.47364 82560.74142 83451.88272 80673.59987 79194.80988 88779.64115 90450.54924 77519.79059 70488.08104 107533.7074 108821.6133 113218.8234 118248.6137 127144.9100 131568.7782 151264.5904 172104.7515 216130.6037 1045653.597
      sorted:	 2.383587647e-11 4.864355794e-06 0.0005067529723 29.96343690 48.51971013 67.59950575 71.07707772 97.01591499 210.2882233 451.2431612 508.7655132 600.2961548 621.7246758 623.1209343 650.1496295 685.3887387 685.3887387 699.4867103 712.9614634 721.2543521 731.3680946 743.6198343 758.5683283 776.2916439 797.0774365 821.6496562 849.2932691 862.2374718 886.9941508 925.0973424 966.7250754 1010.359947 1020.870714 1026.027495 1058.922533 1069.715156 1090.219541 1098.966836 1237.516438 1344.390927 1538.858286 1767.656963 1807.270660 1968.829867 2064.522035 2094.442588 2242.770185 2314.651197 2479.734883 2581.833446 2731.596407 2919.831637 3025.146508 3083.918281 3113.872307 3315.571087 3440.507454 3839.249901 3965.036675 4286.449562 4333.545456 4436.102775 4621.706922 4906.486780 4943.044650 5068.473975 5253.342398 5581.441399 6919.610669 7072.755889 12082.45913 16333.58553 17092.55743 17603.09700 19382.20798 21062.24575 21175.71393 25412.64288 26526.48748 26935.06581 30913.47790 31178.51840 32057.95387 33215.84980 34713.20654 35224.99124 35866.04902 36457.87138 36582.52203 39345.91769 44093.58767 48156.06658 51294.84152 53054.80939 58189.95320 60233.63426 63207.69482 70488.08104 77519.79059 79194.80988 80673.59987 82560.74142 83451.88272 84850.47364 88779.64115 90450.54924 94412.29646 100025.4392 100258.5378 100443.2785 100922.7706 101002.1641 102083.3191 102256.9656 102844.5964 103246.0718 103246.4015 103408.0547 104086.7072 104208.0901 104805.9009 105184.8582 105987.3567 107533.7074 108821.6133 113218.8234 118248.6137 127144.9100 131568.7782 151264.5904 172104.7515 216130.6037 1045653.597
