    unsorted:	 -6.657261548e-14 685.3851172 685.3851179 4.257287292e-06 816.3650322 797.5167329 837.6877362 780.8888974 766.2139182 861.4227417 887.6444642 916.0852567 920.0407882 947.6597410 975.7498583 991.8400936 734.6248761 1026.184068 1067.466271 1108.247031 1122.795881 1146.788009 1166.778572 1181.478750 1193.698140 1205.921312 1213.488631 649.0872098 624.2634059 1274.700579 556.9304247 538.7104353 1355.787463 0.001539522813 428.6912644 257.6788644 101.5386779 72.20636420 69.12784151 49.63757120 31.47289358 1650.884230 1714.799534 1869.916603 1937.340846 1986.218121 2147.242770 2193.893080 2356.936939 2484.863991 2655.785648 2777.279132 2887.250441 3002.093527 3062.579835 3227.821378 3266.452208 3761.508879 3859.670025 4215.444148 4303.808165 4332.412354 4647.748874 4797.871356 4859.186006 4946.784483 5243.234407 5581.285167 6808.949601 6975.220351 11111.77651 13641.74001 15144.94687 16268.68885 18193.85013 19950.01640 20283.27241 24755.23248 24564.35743 25415.47255 29234.20877 30174.14794 30730.82095 31829.13246 33899.80504 33773.72466 34465.49196 34736.23995 35980.95775 38411.51941 43240.38394 48625.73117 49751.68992 52727.89609 59426.09053 57964.15407 62480.09752 102779.1159 102778.8953 102874.4075 103080.9464 101523.6569 102098.0548 102457.2827 103286.7593 100860.5324 100670.8146 100086.6123 100137.2200 99688.59570 104365.8441 104535.6082 105118.0192 105419.6593 78844.54181 80600.70049 82143.27587 82509.02207 84209.57135 76215.02760 87791.92624 88648.06507 93328.07701 69616.04667 107068.4495 108543.7607 116864.7837 119783.4712 128428.3448 152089.6382 166855.0464 199013.4065 630591.8371
      sorted:	 -6.657261548e-14 4.257287292e-06 0.001539522813 31.47289358 49.63757120 69.12784151 72.20636420 101.5386779 257.6788644 428.6912644 538.7104353 556.9304247 624.2634059 649.0872098 685.3851172 685.3851179 734.6248761 766.2139182 780.8888974 797.5167329 816.3650322 837.6877362 861.4227417 887.6444642 916.0852567 920.0407882 947.6597410 975.7498583 991.8400936 1026.184068 1067.466271 1108.247031 1122.795881 1146.788009 1166.778572 1181.478750 1193.698140 1205.921312 1213.488631 1274.700579 1355.787463 1650.884230 1714.799534 1869.916603 1937.340846 1986.218121 2147.242770 2193.893080 2356.936939 2484.863991 2655.785648 2777.279132 2887.250441 3002.093527 3062.579835 3227.821378 3266.452208 3761.508879 3859.670025 4215.444148 4303.808165 4332.412354 4647.748874 4797.871356 4859.186006 4946.784483 5243.234407 5581.285167 6808.949601 6975.220351 11111.77651 13641.74001 15144.94687 16268.68885 18193.85013 19950.01640 20283.27241 24564.35743 24755.23248 25415.47255 29234.20877 30174.14794 30730.82095 31829.13246 33773.72466 33899.80504 34465.49196 34736.23995 35980.95775 38411.51941 43240.38394 48625.73117 49751.68992 52727.89609 57964.15407 59426.09053 62480.09752 69616.04667 76215.02760 78844.54181 80600.70049 82143.27587 82509.02207 84209.57135 87791.92624 88648.06507 93328.07701 99688.59570 100086.6123 100137.2200 100670.8146 100860.5324 101523.6569 102098.0548 102457.2827 102778.8953 102779.1159 102874.4075 103080.9464 103286.7593 104365.8441 104535.6082 105118.0192 105419.6593 107068.4495 108543.7607 116864.7837 119783.4712 128428.3448 152089.6382 166855.0464 199013.4065 630591.8371
