    unsorted:	 685.3628965 685.3628975 1196.614268 1190.102014 1177.142908 1154.805765 1220.892429 1237.894767 1252.854735 1120.033099 1116.497015 1265.546558 1085.702528 1063.814201 1043.775062 1015.262076 1288.073084 1295.776564 1305.121260 986.4122692 958.7816145 932.6196597 908.2604293 885.6141610 864.5307458 844.9015250 817.3290983 690.7460992 656.4742076 1504.762038 583.9917695 1634.090772 4.908378270e-08 0.0001477362699 0.06008159678 478.3962617 1756.475756 1790.583291 369.2152933 1872.019095 302.6942902 70.23268554 73.23228718 105.1611192 50.46815098 32.58205665 2022.609904 2083.224151 2227.310253 2397.450044 2542.043512 2611.370787 2753.262452 2904.308935 3037.542896 3135.614935 3155.532834 3686.117551 3763.820596 4201.527673 4140.521994 4305.867408 4724.049668 4648.202354 4772.845289 4862.584117 5219.966205 5563.794735 6650.600135 6961.239281 10330.07027 11157.07043 14230.47696 15502.73017 17265.01099 19613.15779 19041.17062 23769.59655 24114.56695 24282.80039 27881.05930 29432.74432 29753.85873 30876.53327 32633.11605 32945.69537 33443.74140 33756.84936 35555.76122 37805.93726 42597.71100 48636.80756 49555.72676 52637.76675 58733.41256 58394.03407 62292.10707 102286.7119 102286.5675 102537.4752 102611.1135 102651.6493 102080.5210 102100.6310 101369.3644 100892.1236 100618.1487 100236.0942 99985.21020 103735.2945 103907.0541 99423.71548 104256.4674 104701.2778 105274.8858 80482.61909 81218.67385 82526.06353 78647.91299 83985.84907 75141.37339 85724.49727 87452.40235 69399.07778 92710.36645 107181.1185 111046.4295 118403.0838 125956.1931 144984.3791 166235.8955 195009.6978 644703.6831
      sorted:	 4.908378270e-08 0.0001477362699 0.06008159678 32.58205665 50.46815098 70.23268554 73.23228718 105.1611192 302.6942902 369.2152933 478.3962617 583.9917695 656.4742076 685.3628965 685.3628975 690.7460992 817.3290983 844.9015250 864.5307458 885.6141610 908.2604293 932.6196597 958.7816145 986.4122692 1015.262076 1043.775062 1063.814201 1085.702528 1116.497015 1120.033099 1154.805765 1177.142908 1190.102014 1196.614268 1220.892429 1237.894767 1252.854735 1265.546558 1288.073084 1295.776564 1305.121260 1504.762038 1634.090772 1756.475756 1790.583291 1872.019095 2022.609904 2083.224151 2227.310253 2397.450044 2542.043512 2611.370787 2753.262452 2904.308935 3037.542896 3135.614935 3155.532834 3686.117551 3763.820596 4140.521994 4201.527673 4305.867408 4648.202354 4724.049668 4772.845289 4862.584117 5219.966205 5563.794735 6650.600135 6961.239281 10330.07027 11157.07043 14230.47696 15502.73017 17265.01099 19041.17062 19613.15779 23769.59655 24114.56695 24282.80039 27881.05930 29432.74432 29753.85873 30876.53327 32633.11605 32945.69537 33443.74140 33756.84936 35555.76122 37805.93726 42597.71100 48636.80756 49555.72676 52637.76675 58394.03407 58733.41256 62292.10707 69399.07778 75141.37339 78647.91299 80482.61909 81218.67385 82526.06353 83985.84907 85724.49727 87452.40235 92710.36645 99423.71548 99985.21020 100236.0942 100618.1487 100892.1236 101369.3644 102080.5210 102100.6310 102286.5675 102286.7119 102537.4752 102611.1135 102651.6493 103735.2945 103907.0541 104256.4674 104701.2778 105274.8858 107181.1185 111046.4295 118403.0838 125956.1931 144984.3791 166235.8955 195009.6978 644703.6831
