    unsorted:	 685.3790839 685.3790977 1128.990615 1162.256120 1147.953194 1171.097860 1212.527317 1203.420776 1228.316691 1240.802784 1250.150553 1259.750740 1089.555034 1052.635254 1027.857955 1008.624691 978.0823219 948.0089851 919.6629203 893.3362986 868.7188784 869.7079512 846.9177828 826.8542186 808.4034619 787.1916240 1299.920719 659.3540307 622.7031589 594.1058106 511.8905628 4.571152422e-07 0.0007898295564 0.1815550175 1586.164550 397.4245821 1675.904085 280.7063321 72.70554924 69.69160747 103.3366728 50.05837726 32.02525736 1818.618321 1870.850206 1932.670414 2093.655352 2140.325371 2295.937419 2443.219732 2607.628107 2702.777523 2820.891597 2957.831179 3052.612562 3187.694671 3202.910259 3725.762563 3813.100593 4253.611907 4178.685137 4321.187450 4652.130377 4758.883740 4816.646966 4904.992199 5233.877574 5575.464284 6722.606937 6974.967812 10726.45093 12309.24392 14679.77263 15877.85187 17730.01127 19501.40538 19946.88961 24083.02945 24468.60171 24837.62079 28547.35208 29820.00755 30236.22461 31327.28474 33204.03305 33451.90700 33960.67773 34190.83898 35762.11656 38089.01213 42914.38555 48880.15197 49260.01382 52645.27745 59080.61124 58003.93756 62272.19463 102548.0822 102547.9013 102675.2996 102824.3719 102962.6196 102265.3831 102081.9942 101410.1797 100857.0170 100624.9785 100151.0478 100036.6349 99531.26916 104011.2474 104636.2847 104396.2663 105069.3091 105882.3669 82472.91201 80551.26850 81663.86729 78730.16776 84055.77022 75665.66231 87145.95976 87839.59071 92982.98773 69310.89094 107745.0591 114172.2886 118498.0349 127376.0691 149692.1948 165887.5025 192561.0499 567415.7504
      sorted:	 4.571152422e-07 0.0007898295564 0.1815550175 32.02525736 50.05837726 69.69160747 72.70554924 103.3366728 280.7063321 397.4245821 511.8905628 594.1058106 622.7031589 659.3540307 685.3790839 685.3790977 787.1916240 808.4034619 826.8542186 846.9177828 868.7188784 869.7079512 893.3362986 919.6629203 948.0089851 978.0823219 1008.624691 1027.857955 1052.635254 1089.555034 1128.990615 1147.953194 1162.256120 1171.097860 1203.420776 1212.527317 1228.316691 1240.802784 1250.150553 1259.750740 1299.920719 1586.164550 1675.904085 1818.618321 1870.850206 1932.670414 2093.655352 2140.325371 2295.937419 2443.219732 2607.628107 2702.777523 2820.891597 2957.831179 3052.612562 3187.694671 3202.910259 3725.762563 3813.100593 4178.685137 4253.611907 4321.187450 4652.130377 4758.883740 4816.646966 4904.992199 5233.877574 5575.464284 6722.606937 6974.967812 10726.45093 12309.24392 14679.77263 15877.85187 17730.01127 19501.40538 19946.88961 24083.02945 24468.60171 24837.62079 28547.35208 29820.00755 30236.22461 31327.28474 33204.03305 33451.90700 33960.67773 34190.83898 35762.11656 38089.01213 42914.38555 48880.15197 49260.01382 52645.27745 58003.93756 59080.61124 62272.19463 69310.89094 75665.66231 78730.16776 80551.26850 81663.86729 82472.91201 84055.77022 87145.95976 87839.59071 92982.98773 99531.26916 100036.6349 100151.0478 100624.9785 100857.0170 101410.1797 102081.9942 102265.3831 102547.9013 102548.0822 102675.2996 102824.3719 102962.6196 104011.2474 104396.2663 104636.2847 105069.3091 105882.3669 107745.0591 114172.2886 118498.0349 127376.0691 149692.1948 165887.5025 192561.0499 567415.7504
