    unsorted:	 2.299318771e-13 1.484321297e-13 5.665361206e-08 5.045366982e-08 1889.190616 1870.956873 1836.431484 1791.476158 1927.299691 1732.445445 1744.190330 1963.924577 2020.443670 2057.922198 2079.785891 2122.270302 2145.835783 2168.461144 2192.353766 2201.045450 2204.893841 1667.978534 1604.691484 1544.487650 1483.590413 1420.862549 2304.547884 1358.570682 1302.154501 1289.523137 1239.593640 1229.329250 1186.706925 1122.557507 1142.997817 1088.195806 1046.158936 2446.196092 997.5489708 911.5515366 2636.808781 2740.960115 2823.206086 668.7332912 654.9343151 3007.494456 3085.356038 3207.086633 3246.699926 3376.900414 67.10071334 58.39765422 95.16001167 87.66500438 48.19625159 3539.594367 3650.426403 3751.497096 4059.978283 4182.735072 4368.886075 4515.848877 4844.878865 5188.293524 6136.129314 6798.644598 7108.898309 7638.960151 9159.003931 16971.18279 22451.40482 23682.19237 26772.14369 27355.89969 28513.97382 31159.68034 30406.47152 31874.04452 32319.67629 32466.90409 33808.03297 34559.44990 36390.95941 36622.89466 35925.54645 38113.77133 40446.03164 41795.53040 43808.43115 44601.37409 47565.48666 50831.27357 52454.51143 59473.47014 60127.20766 64576.06152 67972.30855 69796.11458 73325.25618 103548.7316 103419.3137 103971.8915 104208.5948 104275.2404 104659.5173 102828.8978 102396.7869 101952.7821 101666.7545 101446.4658 100948.4660 100620.0456 99995.92885 105541.9594 105628.7032 106448.6519 97137.94850 95663.33447 107718.3977 91676.61491 88586.00297 87434.01031 84794.27887 80574.25920 78104.42365 110919.4195 116923.1247 128098.6310 175772.5496 193156.7006 296134.4673 675463.9580
      sorted:	 1.484321297e-13 2.299318771e-13 5.045366982e-08 5.665361206e-08 48.19625159 58.39765422 67.10071334 87.66500438 95.16001167 654.9343151 668.7332912 911.5515366 997.5489708 1046.158936 1088.195806 1122.557507 1142.997817 1186.706925 1229.329250 1239.593640 1289.523137 1302.154501 1358.570682 1420.862549 1483.590413 1544.487650 1604.691484 1667.978534 1732.445445 1744.190330 1791.476158 1836.431484 1870.956873 1889.190616 1927.299691 1963.924577 2020.443670 2057.922198 2079.785891 2122.270302 2145.835783 2168.461144 2192.353766 2201.045450 2204.893841 2304.547884 2446.196092 2636.808781 2740.960115 2823.206086 3007.494456 3085.356038 3207.086633 3246.699926 3376.900414 3539.594367 3650.426403 3751.497096 4059.978283 4182.735072 4368.886075 4515.848877 4844.878865 5188.293524 6136.129314 6798.644598 7108.898309 7638.960151 9159.003931 16971.18279 22451.40482 23682.19237 26772.14369 27355.89969 28513.97382 30406.47152 31159.68034 31874.04452 32319.67629 32466.90409 33808.03297 34559.44990 35925.54645 36390.95941 36622.89466 38113.77133 40446.03164 41795.53040 43808.43115 44601.37409 47565.48666 50831.27357 52454.51143 59473.47014 60127.20766 64576.06152 67972.30855 69796.11458 73325.25618 78104.42365 80574.25920 84794.27887 87434.01031 88586.00297 91676.61491 95663.33447 97137.94850 99995.92885 100620.0456 100948.4660 101446.4658 101666.7545 101952.7821 102396.7869 102828.8978 103419.3137 103548.7316 103971.8915 104208.5948 104275.2404 104659.5173 105541.9594 105628.7032 106448.6519 107718.3977 110919.4195 116923.1247 128098.6310 175772.5496 193156.7006 296134.4673 675463.9580
