    unsorted:	 -2.617952802e-13 1.481084425e-13 2.411345458e-08 5.949083988e-08 2026.568608 2027.928512 1991.098162 1959.830119 1941.811116 1926.711563 2053.653069 2073.569338 2082.299088 1878.890053 1832.829060 1779.643063 1750.601493 1729.459752 1691.979499 1636.969238 1576.101065 1519.557334 1464.192399 1405.579348 2213.785063 1346.711357 1297.057553 1274.772643 1240.743588 1207.239634 1161.797630 1129.855246 1115.836486 1073.342439 1033.341395 993.9772572 2326.964865 945.3007249 886.9462619 2518.093768 2690.208193 2644.858617 720.2194952 664.9867954 2807.325175 2948.399467 3024.859874 3134.926626 67.71200668 58.61561688 95.66778507 88.29516961 48.72492505 3274.839946 3424.517446 3498.819976 3569.786792 3771.453134 4098.372585 4187.440167 4390.103701 4519.218713 4773.958579 5051.764281 6037.322473 6775.159600 6991.003514 7653.264513 9106.284411 16760.00589 31069.14046 31502.01165 31960.86694 32372.69011 30180.96941 28309.08850 33626.59822 27336.59850 26667.28295 34599.75551 23695.72772 22451.96646 36301.08308 36333.22646 35807.42483 38208.21189 40469.38608 41780.39830 43814.89131 44529.72567 47358.75496 51138.66308 52798.32177 59511.93626 61392.56488 64357.99755 69240.68852 70517.27824 72934.92693 103337.2954 103194.2104 102607.0779 102235.8203 102071.0826 101854.9775 103780.4376 101196.2111 101310.5131 104166.7878 104267.3997 104486.4509 100764.9504 100349.2320 105578.1074 105445.9730 105924.5065 106375.6698 96807.72713 95198.31957 91328.63425 88156.18083 86958.34601 84255.87247 80580.67762 77402.93702 111222.6760 118389.5339 128132.7294 174559.1950 191673.6066 290038.4565 668999.7337
      sorted:	 -2.617952802e-13 1.481084425e-13 2.411345458e-08 5.949083988e-08 48.72492505 58.61561688 67.71200668 88.29516961 95.66778507 664.9867954 720.2194952 886.9462619 945.3007249 993.9772572 1033.341395 1073.342439 1115.836486 1129.855246 1161.797630 1207.239634 1240.743588 1274.772643 1297.057553 1346.711357 1405.579348 1464.192399 1519.557334 1576.101065 1636.969238 1691.979499 1729.459752 1750.601493 1779.643063 1832.829060 1878.890053 1926.711563 1941.811116 1959.830119 1991.098162 2026.568608 2027.928512 2053.653069 2073.569338 2082.299088 2213.785063 2326.964865 2518.093768 2644.858617 2690.208193 2807.325175 2948.399467 3024.859874 3134.926626 3274.839946 3424.517446 3498.819976 3569.786792 3771.453134 4098.372585 4187.440167 4390.103701 4519.218713 4773.958579 5051.764281 6037.322473 6775.159600 6991.003514 7653.264513 9106.284411 16760.00589 22451.96646 23695.72772 26667.28295 27336.59850 28309.08850 30180.96941 31069.14046 31502.01165 31960.86694 32372.69011 33626.59822 34599.75551 35807.42483 36301.08308 36333.22646 38208.21189 40469.38608 41780.39830 43814.89131 44529.72567 47358.75496 51138.66308 52798.32177 59511.93626 61392.56488 64357.99755 69240.68852 70517.27824 72934.92693 77402.93702 80580.67762 84255.87247 86958.34601 88156.18083 91328.63425 95198.31957 96807.72713 100349.2320 100764.9504 101196.2111 101310.5131 101854.9775 102071.0826 102235.8203 102607.0779 103194.2104 103337.2954 103780.4376 104166.7878 104267.3997 104486.4509 105445.9730 105578.1074 105924.5065 106375.6698 111222.6760 118389.5339 128132.7294 174559.1950 191673.6066 290038.4565 668999.7337
