    unsorted:	 0.000000000 -2.617286449e-22 7.125034986e-08 5.283274402e-07 2200.179847 2190.469376 2174.592656 2238.828940 2268.937376 2284.559952 2293.060360 2316.591130 2325.189433 2123.869915 2368.318367 2064.219407 2005.219524 1968.989295 1922.112781 1883.586654 1834.052453 1805.202760 1769.687814 1746.960308 1693.461107 1629.485618 1567.702380 1504.920105 1441.462620 1384.586538 1364.023110 1313.372272 1259.359023 1209.294705 1171.028265 1155.725231 1121.210081 1100.265979 1051.983290 2616.417858 2729.087345 936.8515481 2900.768829 2980.733684 670.9601836 3168.485161 3233.569231 3314.850809 3333.164942 584.1880668 3515.212101 66.39348713 58.15831111 94.67204581 86.94104094 47.59195585 3651.326131 3829.266141 4012.772397 4205.209515 4343.090912 4508.264675 4919.852667 5333.023408 6231.584617 6819.707336 7249.519657 7624.315464 9220.140715 17164.89750 32589.37344 32675.55468 32213.95356 31255.17806 30597.56078 33965.59966 28731.55438 34553.85804 27379.44665 26875.84976 23659.11746 22449.72452 36492.01029 36032.78813 36918.16060 38029.23211 40421.32062 41798.40161 43793.07663 44615.28604 47872.26259 50355.19766 52120.05645 58215.81475 60269.93715 64498.33292 65783.28412 103747.5136 103625.5954 104136.9750 104158.6311 104362.8920 103040.3685 104822.1267 102553.5094 101861.9076 101575.6194 101429.8904 100684.3115 100465.1084 99631.25716 105536.3167 105697.7497 106525.0553 97443.60173 96021.93566 92014.04073 89007.83546 87898.33580 85320.94744 80565.31649 79022.35571 70394.82612 73841.15235 109264.6460 111191.3697 115854.9604 128219.3381 177039.5936 194807.7825 302544.8124 682738.2268
      sorted:	 -2.617286449e-22 0.000000000 7.125034986e-08 5.283274402e-07 47.59195585 58.15831111 66.39348713 86.94104094 94.67204581 584.1880668 670.9601836 936.8515481 1051.983290 1100.265979 1121.210081 1155.725231 1171.028265 1209.294705 1259.359023 1313.372272 1364.023110 1384.586538 1441.462620 1504.920105 1567.702380 1629.485618 1693.461107 1746.960308 1769.687814 1805.202760 1834.052453 1883.586654 1922.112781 1968.989295 2005.219524 2064.219407 2123.869915 2174.592656 2190.469376 2200.179847 2238.828940 2268.937376 2284.559952 2293.060360 2316.591130 2325.189433 2368.318367 2616.417858 2729.087345 2900.768829 2980.733684 3168.485161 3233.569231 3314.850809 3333.164942 3515.212101 3651.326131 3829.266141 4012.772397 4205.209515 4343.090912 4508.264675 4919.852667 5333.023408 6231.584617 6819.707336 7249.519657 7624.315464 9220.140715 17164.89750 22449.72452 23659.11746 26875.84976 27379.44665 28731.55438 30597.56078 31255.17806 32213.95356 32589.37344 32675.55468 33965.59966 34553.85804 36032.78813 36492.01029 36918.16060 38029.23211 40421.32062 41798.40161 43793.07663 44615.28604 47872.26259 50355.19766 52120.05645 58215.81475 60269.93715 64498.33292 65783.28412 70394.82612 73841.15235 79022.35571 80565.31649 85320.94744 87898.33580 89007.83546 92014.04073 96021.93566 97443.60173 99631.25716 100465.1084 100684.3115 101429.8904 101575.6194 101861.9076 102553.5094 103040.3685 103625.5954 103747.5136 104136.9750 104158.6311 104362.8920 104822.1267 105536.3167 105697.7497 106525.0553 109264.6460 111191.3697 115854.9604 128219.3381 177039.5936 194807.7825 302544.8124 682738.2268
