    unsorted:	 -2.273736754e-13 8.959499809e-14 1579.894572 1591.324393 1642.564768 1541.876171 1513.525296 1448.363118 1457.702009 1390.042408 1376.582806 1691.062823 1330.299802 1752.098803 1794.650997 1826.691981 1282.230937 1252.621086 1239.596194 1226.635542 1181.870558 1898.977527 1968.827893 1945.639014 1987.984843 2018.390308 2052.640283 2099.362494 2114.068873 2148.789989 2168.505501 2180.729356 1138.707596 1106.475006 1066.488930 1020.209397 2295.145402 2419.342859 2426.579332 2514.276567 2522.062972 903.9106644 674.9761994 2649.381730 724.1067305 -1.335237824e-06 5.147813159e-06 650.2983721 2741.210490 178.9377794 70.88654894 61.71517704 81.68207944 105.8064879 46.30683420 307.3747076 2972.436798 3165.202023 3232.129314 3384.154161 3809.213211 3981.695375 4574.202618 5323.097462 6909.557866 7448.434108 8865.716929 11271.26527 13968.72669 20795.12843 22029.81626 24646.47606 27917.06477 28883.80380 29021.37600 34050.97033 34331.84786 32735.37242 35887.49245 39413.08245 37983.89640 38757.00414 39884.08422 42442.24955 43940.35519 44918.27273 46044.19864 46721.62931 47409.27909 48279.35986 51372.33460 54551.65615 59231.73014 62662.62328 64661.14585 65987.50082 68295.85629 75886.94487 79795.26579 80570.47034 82800.40379 85585.45221 88235.03694 89364.44700 101009.8355 101685.3375 102053.4757 102229.8631 100824.7753 102794.5314 103099.5024 103530.8607 103764.9889 104145.7663 104313.8343 104515.7769 104743.6095 99902.10661 105546.2744 105662.3731 97461.79690 106544.1583 94580.13532 92310.46487 109015.1987 110393.3784 121542.0630 133924.6176 151575.5691 207991.0698 229215.0886 474855.9642
      sorted:	 -1.335237824e-06 -2.273736754e-13 8.959499809e-14 5.147813159e-06 46.30683420 61.71517704 70.88654894 81.68207944 105.8064879 178.9377794 307.3747076 650.2983721 674.9761994 724.1067305 903.9106644 1020.209397 1066.488930 1106.475006 1138.707596 1181.870558 1226.635542 1239.596194 1252.621086 1282.230937 1330.299802 1376.582806 1390.042408 1448.363118 1457.702009 1513.525296 1541.876171 1579.894572 1591.324393 1642.564768 1691.062823 1752.098803 1794.650997 1826.691981 1898.977527 1945.639014 1968.827893 1987.984843 2018.390308 2052.640283 2099.362494 2114.068873 2148.789989 2168.505501 2180.729356 2295.145402 2419.342859 2426.579332 2514.276567 2522.062972 2649.381730 2741.210490 2972.436798 3165.202023 3232.129314 3384.154161 3809.213211 3981.695375 4574.202618 5323.097462 6909.557866 7448.434108 8865.716929 11271.26527 13968.72669 20795.12843 22029.81626 24646.47606 27917.06477 28883.80380 29021.37600 32735.37242 34050.97033 34331.84786 35887.49245 37983.89640 38757.00414 39413.08245 39884.08422 42442.24955 43940.35519 44918.27273 46044.19864 46721.62931 47409.27909 48279.35986 51372.33460 54551.65615 59231.73014 62662.62328 64661.14585 65987.50082 68295.85629 75886.94487 79795.26579 80570.47034 82800.40379 85585.45221 88235.03694 89364.44700 92310.46487 94580.13532 97461.79690 99902.10661 100824.7753 101009.8355 101685.3375 102053.4757 102229.8631 102794.5314 103099.5024 103530.8607 103764.9889 104145.7663 104313.8343 104515.7769 104743.6095 105546.2744 105662.3731 106544.1583 109015.1987 110393.3784 121542.0630 133924.6176 151575.5691 207991.0698 229215.0886 474855.9642
