    unsorted:	 -1.136868377e-13 -2.430584636e-09 1336.939327 1370.060120 1405.512277 1418.774235 1304.835719 1279.635139 1248.524721 1225.896687 1185.358847 1470.088087 1135.281494 1530.937561 1103.070749 1590.532836 1072.986229 1640.486684 1046.656896 1023.715675 1694.043309 1723.527545 1775.772503 1825.074541 1851.460817 1902.095807 1926.064985 1981.949136 2014.431082 2025.361790 2043.065962 2084.398823 2135.914228 2147.221687 2183.482179 2202.959041 2215.324063 2229.226480 933.6965687 908.9171602 866.6329578 2430.487569 669.0476361 651.3672359 9.337836919e-05 2540.987376 506.0920799 2598.775982 67.94519718 71.30872876 61.10579207 106.7023018 36.83020824 249.0428203 -49.99776784 2758.479666 2838.773632 3042.413642 3409.345361 3928.134465 4118.746294 5316.703182 -2522.495767 7011.639004 7412.840629 8579.200439 8897.602599 13044.12419 14621.89076 22376.05925 22208.55182 21673.65281 25020.20147 27394.08040 28919.52126 32594.22435 32837.92539 34387.29485 35708.61195 37759.89417 38614.73856 39118.38149 39888.20498 42309.07095 42420.82782 42540.17609 43575.48517 44912.33610 44991.01304 45815.99161 46563.39896 49232.27919 53768.45145 55223.23332 60154.80368 61844.20839 64650.77522 67575.03069 70785.99041 80568.68955 81365.82135 103820.1747 103589.3985 104195.4618 104293.1097 103159.3442 102841.8684 104544.0216 104787.9465 102196.5334 102094.8098 101618.0503 100935.7564 100694.3520 99801.27334 105544.7019 105680.9263 97672.63889 106565.6978 95816.32538 89489.48596 88365.42646 92123.65248 85714.44740 110308.4977 120936.8979 133954.1841 148256.5803 189831.5579 214025.1764 309827.9138 5775721.325
      sorted:	 -2522.495767 -49.99776784 -2.430584636e-09 -1.136868377e-13 9.337836919e-05 36.83020824 61.10579207 67.94519718 71.30872876 106.7023018 249.0428203 506.0920799 651.3672359 669.0476361 866.6329578 908.9171602 933.6965687 1023.715675 1046.656896 1072.986229 1103.070749 1135.281494 1185.358847 1225.896687 1248.524721 1279.635139 1304.835719 1336.939327 1370.060120 1405.512277 1418.774235 1470.088087 1530.937561 1590.532836 1640.486684 1694.043309 1723.527545 1775.772503 1825.074541 1851.460817 1902.095807 1926.064985 1981.949136 2014.431082 2025.361790 2043.065962 2084.398823 2135.914228 2147.221687 2183.482179 2202.959041 2215.324063 2229.226480 2430.487569 2540.987376 2598.775982 2758.479666 2838.773632 3042.413642 3409.345361 3928.134465 4118.746294 5316.703182 7011.639004 7412.840629 8579.200439 8897.602599 13044.12419 14621.89076 21673.65281 22208.55182 22376.05925 25020.20147 27394.08040 28919.52126 32594.22435 32837.92539 34387.29485 35708.61195 37759.89417 38614.73856 39118.38149 39888.20498 42309.07095 42420.82782 42540.17609 43575.48517 44912.33610 44991.01304 45815.99161 46563.39896 49232.27919 53768.45145 55223.23332 60154.80368 61844.20839 64650.77522 67575.03069 70785.99041 80568.68955 81365.82135 85714.44740 88365.42646 89489.48596 92123.65248 95816.32538 97672.63889 99801.27334 100694.3520 100935.7564 101618.0503 102094.8098 102196.5334 102841.8684 103159.3442 103589.3985 103820.1747 104195.4618 104293.1097 104544.0216 104787.9465 105544.7019 105680.9263 106565.6978 110308.4977 120936.8979 133954.1841 148256.5803 189831.5579 214025.1764 309827.9138 5775721.325
