    unsorted:	 1.412879930e-15 -3.216012002e-13 -1.158863210e-07 5.148572823e-06 1402.909259 1390.962780 1352.818603 1318.562543 1297.534935 1455.338189 1468.624143 1522.032734 1554.604547 1588.130976 1603.899728 1247.728925 1250.122862 1664.423512 1208.999608 1723.942271 1169.251686 1769.389822 1836.182226 1893.442094 1915.860825 1956.172441 1991.261154 2064.123007 2091.120723 2116.786956 2149.446604 2201.801391 2214.314752 2249.506764 2270.781499 2282.590834 1118.043143 2313.405307 1064.905601 2440.626741 2491.722385 2541.479629 930.4480056 672.4848225 2625.363890 2665.118252 735.2007366 654.3607092 2768.047057 183.7868853 70.86230420 61.67767751 81.36146978 105.8176072 46.25495241 302.6961204 2986.063495 3201.249558 3324.967575 3500.518876 3825.598382 4113.408536 4667.869497 5429.249812 6924.116083 7570.233696 8956.554777 11308.14081 14089.53661 20758.33832 21970.85955 24841.21447 27885.06970 28832.47461 29071.06147 34067.99980 34526.71433 33134.99857 35947.67901 39485.54623 38140.88625 38917.01805 39848.82763 42572.65520 43737.12078 44928.28112 45936.94759 46596.70678 47258.14638 48079.42670 51197.79401 54549.56151 59251.01609 61525.27302 64420.30045 65693.32265 68084.13027 75650.95411 80039.37340 80561.03340 83102.61674 86122.48785 88710.57886 89801.20592 102197.3971 102148.2498 102956.8605 103303.5495 103954.4623 103727.8066 104319.9434 104251.1040 104605.1475 101440.8149 104896.3741 100744.0042 100662.0032 99543.54449 105526.0692 105728.3887 97787.39523 106608.5968 94782.63602 92683.72355 108873.5205 110204.2547 121135.2968 133492.4470 152402.4988 211043.2922 225343.6207 474346.4698
      sorted:	 -1.158863210e-07 -3.216012002e-13 1.412879930e-15 5.148572823e-06 46.25495241 61.67767751 70.86230420 81.36146978 105.8176072 183.7868853 302.6961204 654.3607092 672.4848225 735.2007366 930.4480056 1064.905601 1118.043143 1169.251686 1208.999608 1247.728925 1250.122862 1297.534935 1318.562543 1352.818603 1390.962780 1402.909259 1455.338189 1468.624143 1522.032734 1554.604547 1588.130976 1603.899728 1664.423512 1723.942271 1769.389822 1836.182226 1893.442094 1915.860825 1956.172441 1991.261154 2064.123007 2091.120723 2116.786956 2149.446604 2201.801391 2214.314752 2249.506764 2270.781499 2282.590834 2313.405307 2440.626741 2491.722385 2541.479629 2625.363890 2665.118252 2768.047057 2986.063495 3201.249558 3324.967575 3500.518876 3825.598382 4113.408536 4667.869497 5429.249812 6924.116083 7570.233696 8956.554777 11308.14081 14089.53661 20758.33832 21970.85955 24841.21447 27885.06970 28832.47461 29071.06147 33134.99857 34067.99980 34526.71433 35947.67901 38140.88625 38917.01805 39485.54623 39848.82763 42572.65520 43737.12078 44928.28112 45936.94759 46596.70678 47258.14638 48079.42670 51197.79401 54549.56151 59251.01609 61525.27302 64420.30045 65693.32265 68084.13027 75650.95411 80039.37340 80561.03340 83102.61674 86122.48785 88710.57886 89801.20592 92683.72355 94782.63602 97787.39523 99543.54449 100662.0032 100744.0042 101440.8149 102148.2498 102197.3971 102956.8605 103303.5495 103727.8066 103954.4623 104251.1040 104319.9434 104605.1475 104896.3741 105526.0692 105728.3887 106608.5968 108873.5205 110204.2547 121135.2968 133492.4470 152402.4988 211043.2922 225343.6207 474346.4698
