    unsorted:	 -1.523300622e-16 7.457226022e-13 -2.246227331e-08 5.142990763e-06 1594.602542 1610.954882 1532.605445 1556.788517 1472.953300 1463.089694 1411.655716 1395.121246 1363.973002 1329.562493 1307.846688 1676.459208 1735.949856 1258.872269 1250.063700 1219.218967 1781.057854 1178.091793 1848.708943 1929.124769 1907.563280 1957.898139 2004.795862 2078.130148 2106.434388 2131.521260 2163.730848 2229.160250 2216.652512 2264.167863 2285.785744 2297.473452 2316.167126 1125.656834 1071.603772 2443.005966 2502.204608 2544.759607 934.3102359 672.0957129 2641.596124 2667.492416 736.8569232 654.9705619 2772.191738 2988.075396 184.4145670 302.0455535 70.85903775 61.67246461 81.31470264 105.8190131 46.24768631 3205.015561 3340.302787 3517.472125 3827.970294 4132.363067 4681.585098 5444.694128 6926.156926 7588.319273 8970.029222 11313.69446 14108.10742 20752.96127 21962.16590 24865.39879 27880.05310 28823.79483 29078.80500 34070.05614 34556.27351 33192.18449 35955.39685 39495.20248 38164.75678 38941.06400 39844.09857 42592.22753 43703.89127 44928.68368 45920.97937 46578.04791 47244.21076 48051.39680 51172.48650 54548.59339 59253.52179 61361.82516 64378.94278 65673.82938 68058.63700 75615.65430 80074.89418 80559.46042 83147.10180 86198.46695 88777.81372 89863.04577 103331.9841 103980.6642 103753.4745 104343.1051 104243.7895 102979.6060 104617.2548 104917.3772 102214.3961 102139.8865 101404.3265 100704.7654 100638.4414 105522.0009 99491.30013 105737.2317 97833.33617 106616.5360 94810.93677 92736.50658 108850.4512 110184.0480 121077.9955 133446.5907 152525.3858 211486.2995 224781.7031 474278.2110
      sorted:	 -2.246227331e-08 -1.523300622e-16 7.457226022e-13 5.142990763e-06 46.24768631 61.67246461 70.85903775 81.31470264 105.8190131 184.4145670 302.0455535 654.9705619 672.0957129 736.8569232 934.3102359 1071.603772 1125.656834 1178.091793 1219.218967 1250.063700 1258.872269 1307.846688 1329.562493 1363.973002 1395.121246 1411.655716 1463.089694 1472.953300 1532.605445 1556.788517 1594.602542 1610.954882 1676.459208 1735.949856 1781.057854 1848.708943 1907.563280 1929.124769 1957.898139 2004.795862 2078.130148 2106.434388 2131.521260 2163.730848 2216.652512 2229.160250 2264.167863 2285.785744 2297.473452 2316.167126 2443.005966 2502.204608 2544.759607 2641.596124 2667.492416 2772.191738 2988.075396 3205.015561 3340.302787 3517.472125 3827.970294 4132.363067 4681.585098 5444.694128 6926.156926 7588.319273 8970.029222 11313.69446 14108.10742 20752.96127 21962.16590 24865.39879 27880.05310 28823.79483 29078.80500 33192.18449 34070.05614 34556.27351 35955.39685 38164.75678 38941.06400 39495.20248 39844.09857 42592.22753 43703.89127 44928.68368 45920.97937 46578.04791 47244.21076 48051.39680 51172.48650 54548.59339 59253.52179 61361.82516 64378.94278 65673.82938 68058.63700 75615.65430 80074.89418 80559.46042 83147.10180 86198.46695 88777.81372 89863.04577 92736.50658 94810.93677 97833.33617 99491.30013 100638.4414 100704.7654 101404.3265 102139.8865 102214.3961 102979.6060 103331.9841 103753.4745 103980.6642 104243.7895 104343.1051 104617.2548 104917.3772 105522.0009 105737.2317 106616.5360 108850.4512 110184.0480 121077.9955 133446.5907 152525.3858 211486.2995 224781.7031 474278.2110
