    unsorted:	 -3.215549688e-13 3.215531715e-13 8.637460457e-12 1.980070694e-10 2237.886365 2216.071674 2198.350744 2187.207880 2262.502151 2271.329146 2146.797490 2124.393496 2293.046106 2077.296151 2017.381578 1954.981632 1939.820867 1898.215382 1855.269594 1824.442855 1789.560359 1749.000707 1721.551198 1655.674191 2402.336936 1592.936463 1531.263679 1467.954256 1404.179480 1342.825310 1336.543904 1281.530117 1227.919212 1198.443481 1176.275740 1135.689880 1113.006592 1078.189644 1028.464350 2626.072162 925.9953552 2738.963590 2863.750037 2992.863058 669.7867866 3161.655778 3197.826902 3286.856139 3346.199812 615.5858778 3526.649583 3665.617404 66.70984706 58.26370104 94.87872122 87.26322615 47.86142000 3788.431125 4034.123029 4190.861858 4354.757628 4511.748222 4887.326156 5270.024921 6191.168797 6810.909186 7186.669317 7630.477505 9192.633431 17084.27969 32513.33902 32541.58147 32075.45391 31213.35032 30520.01108 28636.76056 33903.12376 34549.87392 27368.78795 26831.53927 23670.31552 22450.64644 36447.53204 35987.88145 36792.53371 38063.28743 40432.11932 41798.76119 43800.84857 44616.40879 47729.15277 50586.17815 52258.02164 58792.10801 60138.86824 64623.61168 66618.62298 70140.05265 104075.1350 103663.8732 103540.6261 104172.1176 104327.0260 104754.0130 102951.0466 102486.8763 101536.4979 101520.2173 101898.7741 100799.4141 100532.5229 99788.81253 105542.7883 105668.2399 106495.2909 97315.20400 95879.36563 91870.70375 88828.09335 87700.77881 85096.75889 80569.46312 78599.09435 73599.42546 108773.7896 110866.0757 116258.8981 128155.0463 176489.9182 194079.8969 299759.1568 679514.5156
      sorted:	 -3.215549688e-13 3.215531715e-13 8.637460457e-12 1.980070694e-10 47.86142000 58.26370104 66.70984706 87.26322615 94.87872122 615.5858778 669.7867866 925.9953552 1028.464350 1078.189644 1113.006592 1135.689880 1176.275740 1198.443481 1227.919212 1281.530117 1336.543904 1342.825310 1404.179480 1467.954256 1531.263679 1592.936463 1655.674191 1721.551198 1749.000707 1789.560359 1824.442855 1855.269594 1898.215382 1939.820867 1954.981632 2017.381578 2077.296151 2124.393496 2146.797490 2187.207880 2198.350744 2216.071674 2237.886365 2262.502151 2271.329146 2293.046106 2402.336936 2626.072162 2738.963590 2863.750037 2992.863058 3161.655778 3197.826902 3286.856139 3346.199812 3526.649583 3665.617404 3788.431125 4034.123029 4190.861858 4354.757628 4511.748222 4887.326156 5270.024921 6191.168797 6810.909186 7186.669317 7630.477505 9192.633431 17084.27969 22450.64644 23670.31552 26831.53927 27368.78795 28636.76056 30520.01108 31213.35032 32075.45391 32513.33902 32541.58147 33903.12376 34549.87392 35987.88145 36447.53204 36792.53371 38063.28743 40432.11932 41798.76119 43800.84857 44616.40879 47729.15277 50586.17815 52258.02164 58792.10801 60138.86824 64623.61168 66618.62298 70140.05265 73599.42546 78599.09435 80569.46312 85096.75889 87700.77881 88828.09335 91870.70375 95879.36563 97315.20400 99788.81253 100532.5229 100799.4141 101520.2173 101536.4979 101898.7741 102486.8763 102951.0466 103540.6261 103663.8732 104075.1350 104172.1176 104327.0260 104754.0130 105542.7883 105668.2399 106495.2909 108773.7896 110866.0757 116258.8981 128155.0463 176489.9182 194079.8969 299759.1568 679514.5156
