    unsorted:	 2.022637392e-13 8.590169947e-11 2.186281270e-06 0.001240997036 685.2373944 685.2373945 1015.292099 987.2898051 965.6526309 961.0126275 931.6848128 900.3082869 871.2183461 1052.581612 844.9814838 821.5689804 1083.773822 1111.919990 1134.432018 1156.306084 1186.933305 1196.135506 1214.587064 800.8852133 1256.298267 782.5401767 1282.244039 1309.939890 1335.017775 1344.609535 1352.261543 746.5084269 685.1013855 1454.126551 621.4669163 544.4609063 1822.289959 67.37978954 58.41286393 47.99241780 90.41879968 98.55772873 1990.220164 2071.199070 2102.072342 2117.849280 2190.374263 2403.961855 2506.823905 2523.011604 2811.381929 2951.277646 3053.016085 3123.741260 3368.399235 3530.509593 3724.621836 3821.839565 3996.910123 4253.581875 4302.071590 4353.932044 4549.612267 4666.537192 5496.243010 6705.136337 6859.534675 7966.636274 8852.744779 14911.58869 22502.41561 27631.84195 28034.10967 27207.96862 25978.52147 24954.81115 29118.00137 29661.48096 30852.44292 31901.31114 32144.33127 34397.62454 35115.60927 36075.73581 37075.75630 40350.61218 40550.14314 43322.08082 44538.75418 45988.86364 50451.46654 51923.97647 58510.73758 62280.50565 64856.33383 68375.01253 69789.67320 75835.36794 77681.12166 80665.09048 80451.82942 79920.69503 83500.36938 85159.12365 102470.1965 86638.51870 102650.7715 102821.7130 102117.1045 102285.4708 103060.6225 101485.9233 103336.2878 103507.4040 101134.4954 100753.6985 100785.6086 100368.6170 104604.9602 104385.1331 105469.8362 105641.5691 88708.63085 94969.10400 93861.37809 109808.1424 121366.7618 121501.1510 141607.9210 164978.5749 167615.8488 316404.1915
      sorted:	 2.022637392e-13 8.590169947e-11 2.186281270e-06 0.001240997036 47.99241780 58.41286393 67.37978954 90.41879968 98.55772873 544.4609063 621.4669163 685.1013855 685.2373944 685.2373945 746.5084269 782.5401767 800.8852133 821.5689804 844.9814838 871.2183461 900.3082869 931.6848128 961.0126275 965.6526309 987.2898051 1015.292099 1052.581612 1083.773822 1111.919990 1134.432018 1156.306084 1186.933305 1196.135506 1214.587064 1256.298267 1282.244039 1309.939890 1335.017775 1344.609535 1352.261543 1454.126551 1822.289959 1990.220164 2071.199070 2102.072342 2117.849280 2190.374263 2403.961855 2506.823905 2523.011604 2811.381929 2951.277646 3053.016085 3123.741260 3368.399235 3530.509593 3724.621836 3821.839565 3996.910123 4253.581875 4302.071590 4353.932044 4549.612267 4666.537192 5496.243010 6705.136337 6859.534675 7966.636274 8852.744779 14911.58869 22502.41561 24954.81115 25978.52147 27207.96862 27631.84195 28034.10967 29118.00137 29661.48096 30852.44292 31901.31114 32144.33127 34397.62454 35115.60927 36075.73581 37075.75630 40350.61218 40550.14314 43322.08082 44538.75418 45988.86364 50451.46654 51923.97647 58510.73758 62280.50565 64856.33383 68375.01253 69789.67320 75835.36794 77681.12166 79920.69503 80451.82942 80665.09048 83500.36938 85159.12365 86638.51870 88708.63085 93861.37809 94969.10400 100368.6170 100753.6985 100785.6086 101134.4954 101485.9233 102117.1045 102285.4708 102470.1965 102650.7715 102821.7130 103060.6225 103336.2878 103507.4040 104385.1331 104604.9602 105469.8362 105641.5691 109808.1424 121366.7618 121501.1510 141607.9210 164978.5749 167615.8488 316404.1915
