    unsorted:	 685.3733152 685.3733153 3.410578829e-13 745.1872293 757.1395477 771.0269796 787.0101922 805.3259386 703.2852994 706.1358264 826.0087285 849.0361776 874.0562032 899.6400111 920.4846076 945.5959636 979.7692915 1018.350465 1056.523882 1083.650389 1098.821638 1143.791330 1125.731138 1172.238815 1162.736264 632.7459016 605.3077237 1215.199925 1296.938629 501.6939502 1395.094449 1446.796852 -7.068197369e-07 1544.939457 76.67449227 61.64795190 48.34490806 44.32747182 91.11797657 109.1679922 1700.704037 1812.242419 2057.709430 2182.034112 2224.617478 2316.424774 2453.680723 2515.605209 2587.693278 2947.536180 2971.758079 3189.529434 3173.444767 3299.232728 3398.687478 3571.511367 3712.953839 3823.762054 4303.328071 4265.789954 4550.461456 4492.159628 4594.089796 4663.923346 5186.543205 5694.340737 5894.370628 6074.406979 9308.231412 15270.48660 24588.67073 24632.24187 24178.80984 25386.97607 25683.08644 22680.08323 21323.88640 26117.33145 29609.44308 29165.19949 31740.46007 32339.83388 34541.12489 35324.21308 37749.95397 38492.83691 38925.55954 40280.77894 41352.91656 43109.93192 48974.26612 50631.59668 55274.98881 56539.68072 60660.65855 63989.40793 65489.58900 102893.5856 102896.2222 102918.3374 102653.3867 103250.6263 103417.6780 102016.0761 101508.9119 100761.1872 100613.1487 100081.5972 99966.25071 99794.58474 104492.7961 104653.1382 99090.39360 105262.0599 105662.6373 78758.44556 78139.58415 80638.54514 75992.08051 81887.95600 82309.16718 84166.62379 70423.07342 87951.92012 93383.45293 108708.0891 118717.0989 121613.9947 125522.7808 148085.1473 163298.8927 285225.5118
      sorted:	 -7.068197369e-07 3.410578829e-13 44.32747182 48.34490806 61.64795190 76.67449227 91.11797657 109.1679922 501.6939502 605.3077237 632.7459016 685.3733152 685.3733153 703.2852994 706.1358264 745.1872293 757.1395477 771.0269796 787.0101922 805.3259386 826.0087285 849.0361776 874.0562032 899.6400111 920.4846076 945.5959636 979.7692915 1018.350465 1056.523882 1083.650389 1098.821638 1125.731138 1143.791330 1162.736264 1172.238815 1215.199925 1296.938629 1395.094449 1446.796852 1544.939457 1700.704037 1812.242419 2057.709430 2182.034112 2224.617478 2316.424774 2453.680723 2515.605209 2587.693278 2947.536180 2971.758079 3173.444767 3189.529434 3299.232728 3398.687478 3571.511367 3712.953839 3823.762054 4265.789954 4303.328071 4492.159628 4550.461456 4594.089796 4663.923346 5186.543205 5694.340737 5894.370628 6074.406979 9308.231412 15270.48660 21323.88640 22680.08323 24178.80984 24588.67073 24632.24187 25386.97607 25683.08644 26117.33145 29165.19949 29609.44308 31740.46007 32339.83388 34541.12489 35324.21308 37749.95397 38492.83691 38925.55954 40280.77894 41352.91656 43109.93192 48974.26612 50631.59668 55274.98881 56539.68072 60660.65855 63989.40793 65489.58900 70423.07342 75992.08051 78139.58415 78758.44556 80638.54514 81887.95600 82309.16718 84166.62379 87951.92012 93383.45293 99090.39360 99794.58474 99966.25071 100081.5972 100613.1487 100761.1872 101508.9119 102016.0761 102653.3867 102893.5856 102896.2222 102918.3374 103250.6263 103417.6780 104492.7961 104653.1382 105262.0599 105662.6373 108708.0891 118717.0989 121613.9947 125522.7808 148085.1473 163298.8927 285225.5118
