    unsorted:	 -2.060573934e-13 -3.847751912e-07 -6.973334277e-05 1348.378671 1371.214311 1312.622548 1393.438891 1281.290875 1254.280569 1218.745129 1198.093199 1160.361809 1442.903230 1112.124061 1499.804699 1079.916651 1051.784726 1033.846042 1005.556301 1558.087838 1610.011780 1664.963740 1703.955530 1741.703080 1785.348318 1814.406115 1870.177006 1892.380606 1953.498896 1974.193663 2015.153329 2020.244772 2049.752434 2094.840317 2106.055195 2141.566627 2160.254905 2172.779076 905.9346276 847.5034382 866.0656515 2234.586484 671.1473421 650.8481251 2400.063829 2494.733493 488.8389166 2581.763791 67.90327380 72.93009110 60.80944619 106.8172832 36.51368708 243.5873941 -67.11640338 2723.270513 2812.854833 2991.624519 3360.552533 3817.301180 4067.215942 5272.977461 -2274.387018 7007.411136 7355.378312 8515.902282 8833.548703 13017.09582 14582.98068 22349.35209 22163.40890 21601.36113 24933.92423 27282.05543 28945.38828 32428.41080 32665.25502 34306.63000 35679.47184 37734.16662 38570.44915 39057.37571 39900.23378 42216.76645 42416.00152 42731.69937 43545.91603 44901.05786 45059.50354 45788.98824 46460.68451 49377.31577 53625.62320 55172.28799 59919.42883 61844.67452 65174.22065 67674.04614 70722.82895 80571.98276 81059.51251 103737.1030 103501.0732 104120.5139 103070.4947 102771.4182 104318.3038 104503.1285 104720.8805 102228.0440 102034.3432 101718.6795 101046.4246 100758.6252 99952.22929 105549.0898 105651.7036 97614.35714 106531.0151 96195.14457 89301.27972 88160.25707 91986.90277 85481.85734 110399.9722 121053.6219 134268.8986 147569.3047 188963.3746 213426.2254 311103.7247 6145281.742
      sorted:	 -2274.387018 -67.11640338 -6.973334277e-05 -3.847751912e-07 -2.060573934e-13 36.51368708 60.80944619 67.90327380 72.93009110 106.8172832 243.5873941 488.8389166 650.8481251 671.1473421 847.5034382 866.0656515 905.9346276 1005.556301 1033.846042 1051.784726 1079.916651 1112.124061 1160.361809 1198.093199 1218.745129 1254.280569 1281.290875 1312.622548 1348.378671 1371.214311 1393.438891 1442.903230 1499.804699 1558.087838 1610.011780 1664.963740 1703.955530 1741.703080 1785.348318 1814.406115 1870.177006 1892.380606 1953.498896 1974.193663 2015.153329 2020.244772 2049.752434 2094.840317 2106.055195 2141.566627 2160.254905 2172.779076 2234.586484 2400.063829 2494.733493 2581.763791 2723.270513 2812.854833 2991.624519 3360.552533 3817.301180 4067.215942 5272.977461 7007.411136 7355.378312 8515.902282 8833.548703 13017.09582 14582.98068 21601.36113 22163.40890 22349.35209 24933.92423 27282.05543 28945.38828 32428.41080 32665.25502 34306.63000 35679.47184 37734.16662 38570.44915 39057.37571 39900.23378 42216.76645 42416.00152 42731.69937 43545.91603 44901.05786 45059.50354 45788.98824 46460.68451 49377.31577 53625.62320 55172.28799 59919.42883 61844.67452 65174.22065 67674.04614 70722.82895 80571.98276 81059.51251 85481.85734 88160.25707 89301.27972 91986.90277 96195.14457 97614.35714 99952.22929 100758.6252 101046.4246 101718.6795 102034.3432 102228.0440 102771.4182 103070.4947 103501.0732 103737.1030 104120.5139 104318.3038 104503.1285 104720.8805 105549.0898 105651.7036 106531.0151 110399.9722 121053.6219 134268.8986 147569.3047 188963.3746 213426.2254 311103.7247 6145281.742
