    unsorted:	 -2.562783941e-15 3.152015877e-13 1511.456352 1466.035873 1446.006335 1552.163817 1579.465230 1599.231261 1396.320465 1384.804040 1341.863252 1307.612633 1287.347961 1652.574556 1712.057919 1238.262681 1248.635002 1198.574074 1757.867134 1160.388748 1823.780126 1879.165903 1902.749991 1954.478418 1977.894750 2050.216667 2075.908356 2102.157013 2135.251143 2186.958545 2199.585834 2234.873208 2255.851311 2267.753220 1110.391860 2310.746322 1058.141602 2438.286073 2481.263803 2538.387779 926.5166459 2609.191404 2662.741409 672.8657229 733.5098511 653.7412411 5.173551399e-06 -8.155598752e-06 2764.019617 248.3511919 303.2699172 70.86464792 61.68163700 81.40809397 105.8162212 46.26083492 2984.063744 3197.312025 3309.997669 3483.596183 3823.207668 4094.382307 4654.268121 5413.900644 6922.193732 7552.051383 8943.323732 11302.67218 14071.22835 20763.64265 21979.52628 24816.14178 27889.49811 28840.74406 29062.75292 34064.64801 34497.95189 33077.93151 35939.61720 39475.73039 38117.66505 38893.09532 39853.61267 42553.53621 43769.94561 44927.80078 45953.29467 46613.97907 47274.04380 48107.88292 51223.55209 54550.78133 59248.62036 61690.06682 64460.31283 65717.82946 68111.91587 75687.44551 80005.00951 80562.54499 83059.61374 86046.38093 88643.23766 89739.29913 102934.0218 103274.9671 103701.3994 103928.0781 104297.4677 104258.1266 104592.8849 102184.3349 102152.5356 104875.1655 101476.8863 100782.7479 100685.4977 99595.45942 105529.8797 105719.3896 97741.37532 106600.3846 94755.50266 92630.88058 108896.5710 110226.1798 121192.9017 133542.1164 152281.1903 210603.5891 225901.0485 474416.5116
      sorted:	 -8.155598752e-06 -2.562783941e-15 3.152015877e-13 5.173551399e-06 46.26083492 61.68163700 70.86464792 81.40809397 105.8162212 248.3511919 303.2699172 653.7412411 672.8657229 733.5098511 926.5166459 1058.141602 1110.391860 1160.388748 1198.574074 1238.262681 1248.635002 1287.347961 1307.612633 1341.863252 1384.804040 1396.320465 1446.006335 1466.035873 1511.456352 1552.163817 1579.465230 1599.231261 1652.574556 1712.057919 1757.867134 1823.780126 1879.165903 1902.749991 1954.478418 1977.894750 2050.216667 2075.908356 2102.157013 2135.251143 2186.958545 2199.585834 2234.873208 2255.851311 2267.753220 2310.746322 2438.286073 2481.263803 2538.387779 2609.191404 2662.741409 2764.019617 2984.063744 3197.312025 3309.997669 3483.596183 3823.207668 4094.382307 4654.268121 5413.900644 6922.193732 7552.051383 8943.323732 11302.67218 14071.22835 20763.64265 21979.52628 24816.14178 27889.49811 28840.74406 29062.75292 33077.93151 34064.64801 34497.95189 35939.61720 38117.66505 38893.09532 39475.73039 39853.61267 42553.53621 43769.94561 44927.80078 45953.29467 46613.97907 47274.04380 48107.88292 51223.55209 54550.78133 59248.62036 61690.06682 64460.31283 65717.82946 68111.91587 75687.44551 80005.00951 80562.54499 83059.61374 86046.38093 88643.23766 89739.29913 92630.88058 94755.50266 97741.37532 99595.45942 100685.4977 100782.7479 101476.8863 102152.5356 102184.3349 102934.0218 103274.9671 103701.3994 103928.0781 104258.1266 104297.4677 104592.8849 104875.1655 105529.8797 105719.3896 106600.3846 108896.5710 110226.1798 121192.9017 133542.1164 152281.1903 210603.5891 225901.0485 474416.5116
