    unsorted:	 -6.659620767e-14 -3.881511432e-13 1864.725749 1889.584640 1811.353409 1700.205486 1746.358976 1640.702866 1596.321312 1569.957539 1549.700818 1500.924383 1964.646961 1953.141260 2036.205418 2060.724232 2087.817185 2121.015162 1463.933392 1436.288730 1391.822995 1376.606269 1331.195935 1296.908579 1277.486695 2172.088214 2184.864216 2220.176644 2240.900084 2252.861449 1248.187000 1228.673317 1188.502906 2308.248891 1151.766314 1103.327849 1052.018849 2435.778691 2470.902089 2535.380424 2593.142399 922.9204039 2660.590212 673.2375039 731.9955087 653.1861592 5.173043726e-06 -6.061649411e-06 2760.079059 178.6168600 303.9436151 70.86825443 61.68706563 81.45491765 105.8148230 46.27049937 2982.114678 3193.129925 3295.430362 3466.885838 3820.872911 4075.657420 4640.907613 5398.847437 6920.020166 7534.780351 8930.113822 11297.34876 14053.47880 20768.99584 21987.99823 24790.50078 27894.53877 28849.04319 29055.81781 34062.76803 34469.49062 33020.83245 35931.92107 39463.86263 38094.59182 38870.57604 39858.29368 42534.44323 43801.20751 44926.88977 45969.07149 46634.44813 47292.10832 48135.54891 51247.11797 54551.36756 59245.69334 61853.99669 64499.70034 65745.46898 68139.68717 75718.91841 79967.98332 80564.02087 83013.78158 85969.93926 88575.58639 89677.13321 103901.3961 103674.1475 103246.1385 102911.0716 104259.4307 104280.4302 104580.4749 102182.5620 102145.5804 101512.8278 100821.9707 104853.6731 100708.8883 99647.42990 105533.4159 105710.1422 97695.08356 106591.7489 94724.21877 92577.73439 108918.4900 110249.2466 121249.9434 133593.9041 152159.8615 210160.9380 226452.4527 474483.3727
      sorted:	 -6.061649411e-06 -3.881511432e-13 -6.659620767e-14 5.173043726e-06 46.27049937 61.68706563 70.86825443 81.45491765 105.8148230 178.6168600 303.9436151 653.1861592 673.2375039 731.9955087 922.9204039 1052.018849 1103.327849 1151.766314 1188.502906 1228.673317 1248.187000 1277.486695 1296.908579 1331.195935 1376.606269 1391.822995 1436.288730 1463.933392 1500.924383 1549.700818 1569.957539 1596.321312 1640.702866 1700.205486 1746.358976 1811.353409 1864.725749 1889.584640 1953.141260 1964.646961 2036.205418 2060.724232 2087.817185 2121.015162 2172.088214 2184.864216 2220.176644 2240.900084 2252.861449 2308.248891 2435.778691 2470.902089 2535.380424 2593.142399 2660.590212 2760.079059 2982.114678 3193.129925 3295.430362 3466.885838 3820.872911 4075.657420 4640.907613 5398.847437 6920.020166 7534.780351 8930.113822 11297.34876 14053.47880 20768.99584 21987.99823 24790.50078 27894.53877 28849.04319 29055.81781 33020.83245 34062.76803 34469.49062 35931.92107 38094.59182 38870.57604 39463.86263 39858.29368 42534.44323 43801.20751 44926.88977 45969.07149 46634.44813 47292.10832 48135.54891 51247.11797 54551.36756 59245.69334 61853.99669 64499.70034 65745.46898 68139.68717 75718.91841 79967.98332 80564.02087 83013.78158 85969.93926 88575.58639 89677.13321 92577.73439 94724.21877 97695.08356 99647.42990 100708.8883 100821.9707 101512.8278 102145.5804 102182.5620 102911.0716 103246.1385 103674.1475 103901.3961 104259.4307 104280.4302 104580.4749 104853.6731 105533.4159 105710.1422 106591.7489 108918.4900 110249.2466 121249.9434 133593.9041 152159.8615 210160.9380 226452.4527 474483.3727
