    unsorted:	 2.273736754e-13 2149.441345 2177.973415 2168.804138 2125.712546 2100.629076 2073.198138 2194.682785 2027.469456 2001.391270 1957.449905 1945.270900 1894.899210 1868.814596 1825.801451 1771.905486 1721.926444 1661.092240 1596.346294 1563.836645 1531.891453 1475.521094 1432.620903 1400.956879 1386.928745 1345.430466 1299.248556 1252.165140 1206.252574 1164.222813 2359.706834 1127.287475 1083.779566 1034.968118 999.0375402 2568.390871 2624.399795 2696.757096 -1.579858591e-07 -3.101036868e-05 2832.512969 2905.891196 671.4544551 615.0797850 3121.324145 77.41442126 60.16163190 51.97378084 44.68787241 89.19012346 3283.327694 3386.214442 3431.648752 3761.141744 3800.174931 4006.706038 4254.655144 4278.384097 4398.546318 4506.025554 4648.121254 4883.253835 5113.681586 5306.098754 5503.134659 5696.771244 5932.869216 6460.629132 6919.345775 11845.84592 25349.08221 24781.63494 26796.42392 26570.22669 27420.78550 28153.00862 28320.09843 23667.07846 29521.07538 30631.23272 30479.85571 31322.89569 35265.85180 36535.96418 37261.12709 38653.74521 39214.51881 40885.62050 42652.18035 46078.21956 48314.49219 49628.00816 51783.60168 57099.78000 57252.14923 59416.25231 61304.69786 63032.24330 67790.71711 102639.2097 102605.8417 102247.4925 102182.9745 103340.2947 103178.2474 101496.5553 101667.5180 103819.7168 100916.7494 101112.5654 104213.4682 104494.5183 100360.3343 105067.8356 105679.7493 105773.1389 106919.3220 96680.73146 91509.49230 88158.89523 86943.01775 84250.82634 80597.84892 73281.41038 76384.69757 112060.1893 118988.8296 127925.7457 162487.2539 173582.1396 238755.5463 579527.9126
      sorted:	 -3.101036868e-05 -1.579858591e-07 2.273736754e-13 44.68787241 51.97378084 60.16163190 77.41442126 89.19012346 615.0797850 671.4544551 999.0375402 1034.968118 1083.779566 1127.287475 1164.222813 1206.252574 1252.165140 1299.248556 1345.430466 1386.928745 1400.956879 1432.620903 1475.521094 1531.891453 1563.836645 1596.346294 1661.092240 1721.926444 1771.905486 1825.801451 1868.814596 1894.899210 1945.270900 1957.449905 2001.391270 2027.469456 2073.198138 2100.629076 2125.712546 2149.441345 2168.804138 2177.973415 2194.682785 2359.706834 2568.390871 2624.399795 2696.757096 2832.512969 2905.891196 3121.324145 3283.327694 3386.214442 3431.648752 3761.141744 3800.174931 4006.706038 4254.655144 4278.384097 4398.546318 4506.025554 4648.121254 4883.253835 5113.681586 5306.098754 5503.134659 5696.771244 5932.869216 6460.629132 6919.345775 11845.84592 23667.07846 24781.63494 25349.08221 26570.22669 26796.42392 27420.78550 28153.00862 28320.09843 29521.07538 30479.85571 30631.23272 31322.89569 35265.85180 36535.96418 37261.12709 38653.74521 39214.51881 40885.62050 42652.18035 46078.21956 48314.49219 49628.00816 51783.60168 57099.78000 57252.14923 59416.25231 61304.69786 63032.24330 67790.71711 73281.41038 76384.69757 80597.84892 84250.82634 86943.01775 88158.89523 91509.49230 96680.73146 100360.3343 100916.7494 101112.5654 101496.5553 101667.5180 102182.9745 102247.4925 102605.8417 102639.2097 103178.2474 103340.2947 103819.7168 104213.4682 104494.5183 105067.8356 105679.7493 105773.1389 106919.3220 112060.1893 118988.8296 127925.7457 162487.2539 173582.1396 238755.5463 579527.9126
