    unsorted:	 0.000000000 2222.389277 2192.850223 2181.716472 2158.029015 2251.519934 2272.707738 2288.100567 2298.859943 2307.147689 2108.126000 2048.293732 1988.208302 1956.594317 1914.900442 1874.885485 1820.640518 1811.213247 1758.839971 1742.182019 2379.746939 1681.057383 1617.347983 1555.540194 1492.457840 1428.731106 1370.470566 1354.754816 1302.841558 1248.793292 1200.159847 1176.988981 1149.395652 1118.426883 1093.622277 1044.126996 2619.785378 2732.831113 933.2416459 2.245802382e-08 -1.056944742e-08 2.102945804e-06 2888.241907 2984.801306 670.5617509 3173.124330 3214.784772 3310.487745 3332.497081 594.8072775 3519.166042 3657.126820 66.50131926 58.19393099 94.74053194 87.05045634 47.68366179 3816.007173 4020.079760 4199.542803 4347.083580 4509.417719 4908.953469 5311.866806 6218.199598 6816.808791 7228.176155 7626.323233 9210.725003 17138.44482 32566.77924 32626.99746 32169.41530 31241.07124 30572.44937 33945.87399 28699.70106 34551.20969 27375.79461 26861.10185 23663.08257 22450.07301 36477.02154 36017.98216 36876.61903 38040.08143 40424.95891 41798.79516 43795.88107 44616.81051 47822.76434 50437.12919 52164.74325 58405.94112 60222.09459 64571.38492 66028.03008 100722.9854 103719.8923 103598.0008 104123.1004 104156.3964 104351.2061 103010.8157 102531.3883 101873.9401 101557.6671 101465.6371 104799.6953 100487.7341 99683.97475 105538.9264 105688.0825 106515.6351 97401.18889 95976.10128 91966.47361 88948.10154 87832.72836 85246.48009 80566.75124 78875.94920 70311.08675 73756.63296 109151.9682 111025.7924 115980.4544 128196.2087 176855.2652 194561.8002 301609.8883 681645.2893
      sorted:	 -1.056944742e-08 0.000000000 2.245802382e-08 2.102945804e-06 47.68366179 58.19393099 66.50131926 87.05045634 94.74053194 594.8072775 670.5617509 933.2416459 1044.126996 1093.622277 1118.426883 1149.395652 1176.988981 1200.159847 1248.793292 1302.841558 1354.754816 1370.470566 1428.731106 1492.457840 1555.540194 1617.347983 1681.057383 1742.182019 1758.839971 1811.213247 1820.640518 1874.885485 1914.900442 1956.594317 1988.208302 2048.293732 2108.126000 2158.029015 2181.716472 2192.850223 2222.389277 2251.519934 2272.707738 2288.100567 2298.859943 2307.147689 2379.746939 2619.785378 2732.831113 2888.241907 2984.801306 3173.124330 3214.784772 3310.487745 3332.497081 3519.166042 3657.126820 3816.007173 4020.079760 4199.542803 4347.083580 4509.417719 4908.953469 5311.866806 6218.199598 6816.808791 7228.176155 7626.323233 9210.725003 17138.44482 22450.07301 23663.08257 26861.10185 27375.79461 28699.70106 30572.44937 31241.07124 32169.41530 32566.77924 32626.99746 33945.87399 34551.20969 36017.98216 36477.02154 36876.61903 38040.08143 40424.95891 41798.79516 43795.88107 44616.81051 47822.76434 50437.12919 52164.74325 58405.94112 60222.09459 64571.38492 66028.03008 70311.08675 73756.63296 78875.94920 80566.75124 85246.48009 87832.72836 88948.10154 91966.47361 95976.10128 97401.18889 99683.97475 100487.7341 100722.9854 101465.6371 101557.6671 101873.9401 102531.3883 103010.8157 103598.0008 103719.8923 104123.1004 104156.3964 104351.2061 104799.6953 105538.9264 105688.0825 106515.6351 109151.9682 111025.7924 115980.4544 128196.2087 176855.2652 194561.8002 301609.8883 681645.2893
