    unsorted:	 2.273736754e-13 1693.391340 5.543781313e-07 -9.941512901e-07 1638.863461 1600.560064 1663.952657 1715.683000 1735.534136 1744.291312 1558.879885 1547.365680 1493.274158 1465.224244 1438.341328 1389.911064 1341.321946 1289.374765 1237.568182 1234.215078 1187.711820 1162.084892 1140.714616 1097.285972 1058.620505 1049.118993 1022.453510 992.3265378 967.1375747 908.3688939 1896.907834 1938.290674 1980.174664 813.8391270 792.8174767 682.7145622 648.8340094 2229.607858 2504.148751 2566.540536 2680.609117 2770.742519 77.79540029 60.83241358 53.54889838 46.02648413 92.86333606 2910.460827 3056.820327 3216.330590 3265.153358 3418.960305 3409.716798 3485.392836 3643.766673 3871.607889 4118.496581 4299.938351 4473.005458 4536.969156 4611.300953 4877.494888 5021.867340 5369.287210 5518.018856 6020.301232 6242.372300 6549.372245 8356.583779 13090.80743 24840.31859 25021.58013 26138.27911 26714.71664 27063.92525 27714.68200 23399.73548 28563.82440 29836.54532 30131.89119 31741.94656 32504.74932 34392.15749 36267.73658 37605.26537 38287.30584 39250.05047 40182.90841 46000.85789 47568.00683 48815.40311 51661.84781 51705.93896 57966.62169 59590.74496 61720.30081 63678.95178 62902.64271 67706.67997 102188.1948 102305.9573 102484.6426 102064.8954 101901.9383 101816.6524 101630.8997 103073.0184 103139.3657 103421.8416 103739.4385 103896.1611 104239.6766 100706.1480 105172.1328 99582.14472 105832.1273 106264.4820 72850.63466 95551.05856 80653.56698 78552.16445 82339.49796 85308.81960 86750.17018 90212.95311 111100.0031 115805.6713 124941.6866 135288.5998 156312.1149 185194.4082 402469.1628
      sorted:	 -9.941512901e-07 2.273736754e-13 5.543781313e-07 46.02648413 53.54889838 60.83241358 77.79540029 92.86333606 648.8340094 682.7145622 792.8174767 813.8391270 908.3688939 967.1375747 992.3265378 1022.453510 1049.118993 1058.620505 1097.285972 1140.714616 1162.084892 1187.711820 1234.215078 1237.568182 1289.374765 1341.321946 1389.911064 1438.341328 1465.224244 1493.274158 1547.365680 1558.879885 1600.560064 1638.863461 1663.952657 1693.391340 1715.683000 1735.534136 1744.291312 1896.907834 1938.290674 1980.174664 2229.607858 2504.148751 2566.540536 2680.609117 2770.742519 2910.460827 3056.820327 3216.330590 3265.153358 3409.716798 3418.960305 3485.392836 3643.766673 3871.607889 4118.496581 4299.938351 4473.005458 4536.969156 4611.300953 4877.494888 5021.867340 5369.287210 5518.018856 6020.301232 6242.372300 6549.372245 8356.583779 13090.80743 23399.73548 24840.31859 25021.58013 26138.27911 26714.71664 27063.92525 27714.68200 28563.82440 29836.54532 30131.89119 31741.94656 32504.74932 34392.15749 36267.73658 37605.26537 38287.30584 39250.05047 40182.90841 46000.85789 47568.00683 48815.40311 51661.84781 51705.93896 57966.62169 59590.74496 61720.30081 62902.64271 63678.95178 67706.67997 72850.63466 78552.16445 80653.56698 82339.49796 85308.81960 86750.17018 90212.95311 95551.05856 99582.14472 100706.1480 101630.8997 101816.6524 101901.9383 102064.8954 102188.1948 102305.9573 102484.6426 103073.0184 103139.3657 103421.8416 103739.4385 103896.1611 104239.6766 105172.1328 105832.1273 106264.4820 111100.0031 115805.6713 124941.6866 135288.5998 156312.1149 185194.4082 402469.1628
