    unsorted:	 -5.065931575e-14 1.301057670e-10 -6.775569241e-07 5.558734913e-06 1613.856287 1622.026088 1636.333897 1583.336518 1654.865080 1663.625661 1562.983404 1525.571076 1475.121370 1433.151741 1405.159245 1359.228903 1314.394025 1274.965560 1256.836574 1207.799563 1155.564415 1105.026496 1055.675827 1060.785342 1011.836992 970.4534611 932.4319856 897.9761210 866.8591873 841.9882149 823.9564079 683.2003461 1820.188023 723.8060412 1919.388996 1971.262115 637.3454569 2250.070708 2464.081609 2513.853109 77.83755667 72.95018125 59.55090633 95.38787863 46.86445227 2695.981721 2784.292571 2888.178204 3076.958890 3216.516074 3287.093414 3427.888471 3488.821059 3528.665029 3641.137696 3850.229508 3981.539207 4153.964264 4502.395552 4541.473639 4568.489853 4866.090866 4974.505507 5112.382805 5508.022653 5653.705134 6033.288943 6282.784998 6570.360411 11872.28652 27322.72779 27668.20787 26925.50691 26096.49240 28182.91779 24973.96580 24796.57373 23349.54847 29878.23224 30156.54170 31790.94810 33033.49387 34592.63929 36212.54040 37619.08500 38382.88913 39371.98991 40598.35461 46612.39751 47878.04454 48917.88185 51717.46567 52510.05619 58419.76367 59418.10747 61602.29332 62778.23515 63809.90482 102223.8389 102375.2414 102400.9119 102084.8738 101815.1274 101738.0120 101573.4563 102998.9101 103146.4751 103413.9701 103692.9689 103864.7652 104233.2972 100658.5071 105132.6722 99432.12099 105827.8712 106222.2974 95434.14665 67988.99131 72937.80767 80654.05153 86608.79628 85144.49148 82153.08620 78784.29488 90089.45816 111052.0179 116119.2257 124822.0145 134970.8054 155902.1495 184154.2721 399906.0532
      sorted:	 -6.775569241e-07 -5.065931575e-14 1.301057670e-10 5.558734913e-06 46.86445227 59.55090633 72.95018125 77.83755667 95.38787863 637.3454569 683.2003461 723.8060412 823.9564079 841.9882149 866.8591873 897.9761210 932.4319856 970.4534611 1011.836992 1055.675827 1060.785342 1105.026496 1155.564415 1207.799563 1256.836574 1274.965560 1314.394025 1359.228903 1405.159245 1433.151741 1475.121370 1525.571076 1562.983404 1583.336518 1613.856287 1622.026088 1636.333897 1654.865080 1663.625661 1820.188023 1919.388996 1971.262115 2250.070708 2464.081609 2513.853109 2695.981721 2784.292571 2888.178204 3076.958890 3216.516074 3287.093414 3427.888471 3488.821059 3528.665029 3641.137696 3850.229508 3981.539207 4153.964264 4502.395552 4541.473639 4568.489853 4866.090866 4974.505507 5112.382805 5508.022653 5653.705134 6033.288943 6282.784998 6570.360411 11872.28652 23349.54847 24796.57373 24973.96580 26096.49240 26925.50691 27322.72779 27668.20787 28182.91779 29878.23224 30156.54170 31790.94810 33033.49387 34592.63929 36212.54040 37619.08500 38382.88913 39371.98991 40598.35461 46612.39751 47878.04454 48917.88185 51717.46567 52510.05619 58419.76367 59418.10747 61602.29332 62778.23515 63809.90482 67988.99131 72937.80767 78784.29488 80654.05153 82153.08620 85144.49148 86608.79628 90089.45816 95434.14665 99432.12099 100658.5071 101573.4563 101738.0120 101815.1274 102084.8738 102223.8389 102375.2414 102400.9119 102998.9101 103146.4751 103413.9701 103692.9689 103864.7652 104233.2972 105132.6722 105827.8712 106222.2974 111052.0179 116119.2257 124822.0145 134970.8054 155902.1495 184154.2721 399906.0532
