    unsorted:	 3.987918937e-14 -3.240962837e-13 4.753051282e-07 7.068659843e-07 1950.559995 1969.831560 1933.220752 2001.280990 2043.496461 2036.504638 2068.982959 2090.224820 2098.940337 1889.551913 1845.738870 1794.409250 1756.428488 1740.199867 1704.647546 1650.325881 1588.856240 1531.221615 1475.154219 2212.744807 1416.138290 1356.310902 1301.599473 1274.230474 1249.023290 1217.864271 1172.287726 1131.389861 1124.476258 1081.870848 1041.027385 1001.046347 2323.701311 952.5893789 890.3822671 2508.222791 2645.701908 2699.044240 711.5159946 665.3419272 2806.803212 2967.302050 3023.954150 3146.294709 67.62977734 58.58568443 48.65341471 88.21061648 95.59407913 3268.887968 3419.033529 3518.733873 3570.022532 3766.730366 4093.403926 4185.851527 4387.317629 4519.098128 4783.777035 5070.755364 6051.581093 6778.717150 7006.394094 7651.296982 9113.443648 16791.06531 31082.06967 31555.62786 32012.35616 32384.97713 30215.22243 28337.57773 33653.03568 27339.12287 26682.33769 34592.82093 23694.30135 22451.92416 36313.35253 36373.21136 35825.22697 38194.50971 40466.11193 41783.26252 43814.48668 44543.30049 47382.12147 51101.44225 52750.68612 59540.64204 61172.66377 64393.36840 69307.00632 70153.56063 72985.73267 103368.2745 103226.9546 103808.5675 102639.3705 102259.0528 102051.8824 101832.0627 104184.3520 104260.3599 104511.4497 101161.9191 101330.3759 100745.0242 100299.5241 105585.9912 105479.0873 106128.1759 106399.2760 96856.56918 95272.41296 91379.01173 88218.03837 87026.96556 84333.45327 80579.91179 77491.69611 111181.7170 118160.7995 128113.3762 174729.3641 191875.0263 290890.0310 669877.5254
      sorted:	 -3.240962837e-13 3.987918937e-14 4.753051282e-07 7.068659843e-07 48.65341471 58.58568443 67.62977734 88.21061648 95.59407913 665.3419272 711.5159946 890.3822671 952.5893789 1001.046347 1041.027385 1081.870848 1124.476258 1131.389861 1172.287726 1217.864271 1249.023290 1274.230474 1301.599473 1356.310902 1416.138290 1475.154219 1531.221615 1588.856240 1650.325881 1704.647546 1740.199867 1756.428488 1794.409250 1845.738870 1889.551913 1933.220752 1950.559995 1969.831560 2001.280990 2036.504638 2043.496461 2068.982959 2090.224820 2098.940337 2212.744807 2323.701311 2508.222791 2645.701908 2699.044240 2806.803212 2967.302050 3023.954150 3146.294709 3268.887968 3419.033529 3518.733873 3570.022532 3766.730366 4093.403926 4185.851527 4387.317629 4519.098128 4783.777035 5070.755364 6051.581093 6778.717150 7006.394094 7651.296982 9113.443648 16791.06531 22451.92416 23694.30135 26682.33769 27339.12287 28337.57773 30215.22243 31082.06967 31555.62786 32012.35616 32384.97713 33653.03568 34592.82093 35825.22697 36313.35253 36373.21136 38194.50971 40466.11193 41783.26252 43814.48668 44543.30049 47382.12147 51101.44225 52750.68612 59540.64204 61172.66377 64393.36840 69307.00632 70153.56063 72985.73267 77491.69611 80579.91179 84333.45327 87026.96556 88218.03837 91379.01173 95272.41296 96856.56918 100299.5241 100745.0242 101161.9191 101330.3759 101832.0627 102051.8824 102259.0528 102639.3705 103226.9546 103368.2745 103808.5675 104184.3520 104260.3599 104511.4497 105479.0873 105585.9912 106128.1759 106399.2760 111181.7170 118160.7995 128113.3762 174729.3641 191875.0263 290890.0310 669877.5254
