    unsorted:	 -3.410605132e-13 1306.745228 1294.529207 1258.533504 1344.280329 1230.171636 1197.117202 1156.027449 1135.730477 1105.856883 1391.636295 1062.381942 1035.998686 1010.718999 1005.848226 966.6165292 1434.889790 1486.380670 1541.106278 1596.343282 1652.173428 1671.022472 1704.773499 1732.561166 1790.173930 1813.559651 1881.484726 1867.859712 1945.711037 1992.597595 1980.645411 2010.700676 2038.420623 2064.236120 2057.025476 2077.123310 862.7557065 791.3548472 779.5285893 2244.541037 660.8085068 648.5178543 2331.204044 2390.415405 -4.745059706e-09 -0.0001170511536 456.9826680 2542.868005 67.83751663 59.97895942 75.77152993 107.0584079 35.72736640 233.4694988 -62.22112823 2643.013082 2764.656699 2870.201174 3249.730101 3579.233415 3961.794119 5174.661562 -1866.826186 6995.311021 7228.778828 8395.718596 8745.317530 12974.53643 14512.32971 22372.62428 22010.62947 21456.65828 24710.09195 27059.74020 29001.70832 32088.07645 32264.67188 34133.88915 35605.14959 37662.27638 38468.61184 38927.46910 39933.85136 42022.95078 42305.81823 43273.94068 43520.32630 44863.50721 45134.32875 45834.39570 46296.25848 49892.90601 53333.41121 55103.21398 59416.11947 61941.04191 66407.18739 68061.86865 70624.93349 103535.7933 103937.0381 103285.8450 102857.7830 102603.0099 102308.8864 101936.0117 101887.7099 101294.0679 104406.2287 104367.1457 104564.3696 100907.5264 100295.2340 105529.5040 105599.0765 98017.30497 106444.5500 96704.73431 88857.47682 87675.82801 91657.92932 84933.57343 80583.36630 80447.69589 110615.1360 121343.7134 135058.7888 146384.3230 188372.7934 212314.2808 317327.2707 18726067.63
      sorted:	 -1866.826186 -62.22112823 -0.0001170511536 -4.745059706e-09 -3.410605132e-13 35.72736640 59.97895942 67.83751663 75.77152993 107.0584079 233.4694988 456.9826680 648.5178543 660.8085068 779.5285893 791.3548472 862.7557065 966.6165292 1005.848226 1010.718999 1035.998686 1062.381942 1105.856883 1135.730477 1156.027449 1197.117202 1230.171636 1258.533504 1294.529207 1306.745228 1344.280329 1391.636295 1434.889790 1486.380670 1541.106278 1596.343282 1652.173428 1671.022472 1704.773499 1732.561166 1790.173930 1813.559651 1867.859712 1881.484726 1945.711037 1980.645411 1992.597595 2010.700676 2038.420623 2057.025476 2064.236120 2077.123310 2244.541037 2331.204044 2390.415405 2542.868005 2643.013082 2764.656699 2870.201174 3249.730101 3579.233415 3961.794119 5174.661562 6995.311021 7228.778828 8395.718596 8745.317530 12974.53643 14512.32971 21456.65828 22010.62947 22372.62428 24710.09195 27059.74020 29001.70832 32088.07645 32264.67188 34133.88915 35605.14959 37662.27638 38468.61184 38927.46910 39933.85136 42022.95078 42305.81823 43273.94068 43520.32630 44863.50721 45134.32875 45834.39570 46296.25848 49892.90601 53333.41121 55103.21398 59416.11947 61941.04191 66407.18739 68061.86865 70624.93349 80447.69589 80583.36630 84933.57343 87675.82801 88857.47682 91657.92932 96704.73431 98017.30497 100295.2340 100907.5264 101294.0679 101887.7099 101936.0117 102308.8864 102603.0099 102857.7830 103285.8450 103535.7933 103937.0381 104367.1457 104406.2287 104564.3696 105529.5040 105599.0765 106444.5500 110615.1360 121343.7134 135058.7888 146384.3230 188372.7934 212314.2808 317327.2707 18726067.63
