    unsorted:	 1.136868377e-13 -5.395808592e-27 -9.092028105e-07 5.151185040e-06 1620.175430 1586.983293 1560.298515 1536.253295 1493.154042 1669.672596 1454.088523 1429.535037 1377.891067 1365.444685 1312.277905 1729.275367 1767.296526 1802.354756 1266.408031 1246.561812 1221.644681 1208.779669 1164.270975 1873.738376 1120.594083 1942.997500 1938.762335 1961.057375 1993.154959 2026.206218 2070.810397 2086.543156 2120.808121 2140.209313 2152.507429 1088.100634 1052.042424 1008.066921 2289.324437 896.5002887 675.6169684 2402.257175 2421.177010 2483.425122 2517.031166 721.0965511 649.2091089 2645.136767 2734.113902 177.5107163 70.89387640 61.72616141 81.77169295 105.8027883 46.32200187 308.7475475 2968.640267 3147.788102 3214.313472 3351.662828 3804.514549 3944.239329 4548.184967 5293.377675 6905.216357 7415.114218 8840.886693 11261.30599 13937.23364 20805.35503 22045.98225 24581.80854 27925.13779 28892.58778 29011.70436 34045.24362 34279.95641 32621.40842 35868.44423 39390.88039 37942.11204 38713.86210 39894.78362 42407.01865 43985.81744 44912.61743 46068.48491 46760.81135 47469.63856 48338.52630 51421.27533 54550.73415 59225.92945 62966.08921 64709.70752 66146.02919 68368.91861 75950.50861 79727.22471 80572.66493 82717.29480 85430.45904 88097.65606 89238.46617 103470.8948 103708.9328 103039.6792 102747.1180 104094.9101 102013.2962 102251.9087 101751.1979 101082.8844 104330.6924 104488.8040 104698.5446 100870.5835 100002.1226 105548.2855 105643.2895 97367.56054 106523.2205 94521.17427 92202.70353 109047.7249 110463.4601 121659.9860 134092.6831 151353.3179 207136.2684 230300.3519 475012.4790
      sorted:	 -9.092028105e-07 -5.395808592e-27 1.136868377e-13 5.151185040e-06 46.32200187 61.72616141 70.89387640 81.77169295 105.8027883 177.5107163 308.7475475 649.2091089 675.6169684 721.0965511 896.5002887 1008.066921 1052.042424 1088.100634 1120.594083 1164.270975 1208.779669 1221.644681 1246.561812 1266.408031 1312.277905 1365.444685 1377.891067 1429.535037 1454.088523 1493.154042 1536.253295 1560.298515 1586.983293 1620.175430 1669.672596 1729.275367 1767.296526 1802.354756 1873.738376 1938.762335 1942.997500 1961.057375 1993.154959 2026.206218 2070.810397 2086.543156 2120.808121 2140.209313 2152.507429 2289.324437 2402.257175 2421.177010 2483.425122 2517.031166 2645.136767 2734.113902 2968.640267 3147.788102 3214.313472 3351.662828 3804.514549 3944.239329 4548.184967 5293.377675 6905.216357 7415.114218 8840.886693 11261.30599 13937.23364 20805.35503 22045.98225 24581.80854 27925.13779 28892.58778 29011.70436 32621.40842 34045.24362 34279.95641 35868.44423 37942.11204 38713.86210 39390.88039 39894.78362 42407.01865 43985.81744 44912.61743 46068.48491 46760.81135 47469.63856 48338.52630 51421.27533 54550.73415 59225.92945 62966.08921 64709.70752 66146.02919 68368.91861 75950.50861 79727.22471 80572.66493 82717.29480 85430.45904 88097.65606 89238.46617 92202.70353 94521.17427 97367.56054 100002.1226 100870.5835 101082.8844 101751.1979 102013.2962 102251.9087 102747.1180 103039.6792 103470.8948 103708.9328 104094.9101 104330.6924 104488.8040 104698.5446 105548.2855 105643.2895 106523.2205 109047.7249 110463.4601 121659.9860 134092.6831 151353.3179 207136.2684 230300.3519 475012.4790
