    unsorted:	 2055.277798 2047.157527 2034.635177 2025.043189 2006.999109 1982.067911 1960.500162 1940.659935 1907.952666 1865.000061 1829.029844 1796.788175 1782.820977 1728.704964 1662.375827 1598.891927 1536.163168 1472.307608 1407.805577 1344.256535 1282.912410 1225.614571 1211.424336 1178.269599 1157.628150 1114.494945 1068.830599 1023.652264 1045.982290 982.0513734 928.4215327 2272.376461 2310.224797 881.7391237 2482.189052 1.096579337e-06 -8.384583973e-06 0.0007766940669 2623.233808 2706.335796 662.4300107 2850.240497 547.5143036 2989.766572 3027.225712 95.83706486 70.44609301 65.30945925 46.26461950 21.28354857 130.4730014 3360.639553 3551.100373 3526.923586 3634.373470 3746.207337 3887.981239 4081.064180 4211.183312 4266.853693 4466.928821 4827.556362 5163.006225 5231.941336 5569.055871 5812.780899 5858.755325 6325.381281 7611.005194 9621.394595 13324.88957 15734.61599 16966.49488 19867.82174 21292.22724 22845.79554 23669.90637 24764.91492 27223.59405 29492.79640 29751.62653 30531.13327 31445.81189 31966.19784 33229.87316 34570.05465 35332.16849 36184.21514 36017.27439 37558.25184 39968.77030 41877.61524 44897.87840 47083.99461 50848.92932 52603.93671 57190.22870 63164.04356 66234.37678 101577.1662 102488.6592 102309.2749 102098.3929 102666.9011 103054.3379 103202.0128 101111.2925 101052.1919 101280.7853 103685.5279 104088.6456 104355.4050 104997.7326 105596.5030 105693.7345 106706.6796 96481.97431 87910.51812 86671.27372 91237.41873 83919.99421 80617.39529 75227.94776 74068.22339 108661.0157 111448.8652 116952.5886 127202.8418 156946.4229 170945.9153 227905.0108 533413.2992
      sorted:	 -8.384583973e-06 1.096579337e-06 0.0007766940669 21.28354857 46.26461950 65.30945925 70.44609301 95.83706486 130.4730014 547.5143036 662.4300107 881.7391237 928.4215327 982.0513734 1023.652264 1045.982290 1068.830599 1114.494945 1157.628150 1178.269599 1211.424336 1225.614571 1282.912410 1344.256535 1407.805577 1472.307608 1536.163168 1598.891927 1662.375827 1728.704964 1782.820977 1796.788175 1829.029844 1865.000061 1907.952666 1940.659935 1960.500162 1982.067911 2006.999109 2025.043189 2034.635177 2047.157527 2055.277798 2272.376461 2310.224797 2482.189052 2623.233808 2706.335796 2850.240497 2989.766572 3027.225712 3360.639553 3526.923586 3551.100373 3634.373470 3746.207337 3887.981239 4081.064180 4211.183312 4266.853693 4466.928821 4827.556362 5163.006225 5231.941336 5569.055871 5812.780899 5858.755325 6325.381281 7611.005194 9621.394595 13324.88957 15734.61599 16966.49488 19867.82174 21292.22724 22845.79554 23669.90637 24764.91492 27223.59405 29492.79640 29751.62653 30531.13327 31445.81189 31966.19784 33229.87316 34570.05465 35332.16849 36017.27439 36184.21514 37558.25184 39968.77030 41877.61524 44897.87840 47083.99461 50848.92932 52603.93671 57190.22870 63164.04356 66234.37678 74068.22339 75227.94776 80617.39529 83919.99421 86671.27372 87910.51812 91237.41873 96481.97431 101052.1919 101111.2925 101280.7853 101577.1662 102098.3929 102309.2749 102488.6592 102666.9011 103054.3379 103202.0128 103685.5279 104088.6456 104355.4050 104997.7326 105596.5030 105693.7345 106706.6796 108661.0157 111448.8652 116952.5886 127202.8418 156946.4229 170945.9153 227905.0108 533413.2992
