    unsorted:	 -1.563194926e-13 685.3853722 1.823698375e-06 3.321125141e-06 787.2490186 771.0878888 805.7778969 757.1157644 826.8775284 744.9569443 850.6579585 877.1336574 906.2746061 937.1759513 953.5958664 978.8616083 705.4053052 1017.542983 1056.046708 1095.534173 1098.439594 1079.339914 1140.801006 1126.707981 1175.790153 1158.062128 1183.953011 1195.638565 651.9174867 614.8989744 1277.521538 537.4464562 479.8905784 1556.454779 234.8285436 76.75438333 74.27783618 61.03268070 52.24469667 34.00701135 1676.441938 1745.969016 1805.814932 2082.838318 2178.728770 2354.325988 2556.565902 2539.399053 2652.109738 2768.513371 2915.964044 2965.722276 3127.774583 3488.131935 3950.148654 4216.418282 4474.671723 4805.920656 4894.386516 5057.320393 5126.659913 5350.643799 5841.823888 5777.065261 6140.467879 7168.042731 9081.339931 13650.98311 16375.98723 19430.09030 21574.46578 22470.28246 23649.15573 24562.85594 24457.98503 27075.21391 29817.68040 30019.24688 31479.34519 32093.42268 33295.08522 33898.59895 34243.36655 34964.97253 37967.10596 42107.41346 48699.56782 47955.44883 49570.80787 56239.17864 58302.00743 62268.39199 64752.01269 102895.7728 102917.9972 103063.7678 103265.9843 103447.1946 103689.0998 102009.1806 101455.6147 100743.6925 100614.6330 100028.2376 99960.18441 99731.17559 104476.6091 104917.7240 105423.1918 105571.9587 97082.49607 93112.50039 84740.37330 84020.03210 82152.48994 87628.01944 90373.07178 78827.96236 77356.68380 110135.3792 111216.9376 121630.0775 137446.8416 158464.3460 178157.6961 253033.2033 776163.6283
      sorted:	 -1.563194926e-13 1.823698375e-06 3.321125141e-06 34.00701135 52.24469667 61.03268070 74.27783618 76.75438333 234.8285436 479.8905784 537.4464562 614.8989744 651.9174867 685.3853722 705.4053052 744.9569443 757.1157644 771.0878888 787.2490186 805.7778969 826.8775284 850.6579585 877.1336574 906.2746061 937.1759513 953.5958664 978.8616083 1017.542983 1056.046708 1079.339914 1095.534173 1098.439594 1126.707981 1140.801006 1158.062128 1175.790153 1183.953011 1195.638565 1277.521538 1556.454779 1676.441938 1745.969016 1805.814932 2082.838318 2178.728770 2354.325988 2539.399053 2556.565902 2652.109738 2768.513371 2915.964044 2965.722276 3127.774583 3488.131935 3950.148654 4216.418282 4474.671723 4805.920656 4894.386516 5057.320393 5126.659913 5350.643799 5777.065261 5841.823888 6140.467879 7168.042731 9081.339931 13650.98311 16375.98723 19430.09030 21574.46578 22470.28246 23649.15573 24457.98503 24562.85594 27075.21391 29817.68040 30019.24688 31479.34519 32093.42268 33295.08522 33898.59895 34243.36655 34964.97253 37967.10596 42107.41346 47955.44883 48699.56782 49570.80787 56239.17864 58302.00743 62268.39199 64752.01269 77356.68380 78827.96236 82152.48994 84020.03210 84740.37330 87628.01944 90373.07178 93112.50039 97082.49607 99731.17559 99960.18441 100028.2376 100614.6330 100743.6925 101455.6147 102009.1806 102895.7728 102917.9972 103063.7678 103265.9843 103447.1946 103689.0998 104476.6091 104917.7240 105423.1918 105571.9587 110135.3792 111216.9376 121630.0775 137446.8416 158464.3460 178157.6961 253033.2033 776163.6283
