    unsorted:	 5.676689547e-14 685.3846887 1.684715636e-06 3.293094652e-06 1066.693721 1106.589255 1104.399346 1026.478609 987.0135948 1151.520820 1138.658100 1167.281842 1186.681345 1180.857918 1195.464108 963.2316295 945.0150640 912.9999152 883.1596849 856.0492699 831.6738933 810.0132281 790.9645648 774.3269612 759.9199038 747.3724362 708.7734873 1261.804606 653.0723209 619.7403450 542.6750488 1397.389912 485.3744212 1579.808761 234.2951138 52.63776841 51.48168698 78.15406220 73.96574530 28.90389476 1721.725820 1781.061998 2032.975310 2229.223928 2393.621002 2567.394465 2547.806119 2611.835103 2950.777967 2932.462563 2985.320210 3396.217568 3664.357432 3965.760142 4482.724145 4538.306866 4823.439827 4829.512816 5073.145794 5268.050152 5366.650317 5775.190987 5891.012456 6257.146270 7172.751637 10737.64468 13623.07339 18461.67171 20828.78111 24624.84262 24550.09899 24092.07003 23030.86900 27076.10142 28345.32998 29841.17591 31474.03867 32080.42390 33069.09956 33486.14235 33975.41735 34609.96788 35043.04382 37960.39374 42110.88947 47687.69237 49295.89488 54279.57316 55750.64957 56930.44335 63708.75202 102826.8056 102929.5731 102948.4647 103197.7952 103371.5125 103567.1336 102071.1271 101507.9661 100800.7454 100640.4806 100081.9368 100035.9848 99729.91810 104475.0861 104773.2067 105407.5387 105555.2793 82231.40605 84087.71653 86246.10015 87177.19556 89741.11144 90920.98379 93500.77717 78738.47548 75036.21136 109609.3315 110052.9294 121349.7210 136968.0431 158370.2021 177066.3568 247618.1215 750035.5290
      sorted:	 5.676689547e-14 1.684715636e-06 3.293094652e-06 28.90389476 51.48168698 52.63776841 73.96574530 78.15406220 234.2951138 485.3744212 542.6750488 619.7403450 653.0723209 685.3846887 708.7734873 747.3724362 759.9199038 774.3269612 790.9645648 810.0132281 831.6738933 856.0492699 883.1596849 912.9999152 945.0150640 963.2316295 987.0135948 1026.478609 1066.693721 1104.399346 1106.589255 1138.658100 1151.520820 1167.281842 1180.857918 1186.681345 1195.464108 1261.804606 1397.389912 1579.808761 1721.725820 1781.061998 2032.975310 2229.223928 2393.621002 2547.806119 2567.394465 2611.835103 2932.462563 2950.777967 2985.320210 3396.217568 3664.357432 3965.760142 4482.724145 4538.306866 4823.439827 4829.512816 5073.145794 5268.050152 5366.650317 5775.190987 5891.012456 6257.146270 7172.751637 10737.64468 13623.07339 18461.67171 20828.78111 23030.86900 24092.07003 24550.09899 24624.84262 27076.10142 28345.32998 29841.17591 31474.03867 32080.42390 33069.09956 33486.14235 33975.41735 34609.96788 35043.04382 37960.39374 42110.88947 47687.69237 49295.89488 54279.57316 55750.64957 56930.44335 63708.75202 75036.21136 78738.47548 82231.40605 84087.71653 86246.10015 87177.19556 89741.11144 90920.98379 93500.77717 99729.91810 100035.9848 100081.9368 100640.4806 100800.7454 101507.9661 102071.1271 102826.8056 102929.5731 102948.4647 103197.7952 103371.5125 103567.1336 104475.0861 104773.2067 105407.5387 105555.2793 109609.3315 110052.9294 121349.7210 136968.0431 158370.2021 177066.3568 247618.1215 750035.5290
