    unsorted:	 685.3866099 685.3866099 794.4507329 814.0218250 777.3838094 762.5493805 836.1409392 749.7717484 860.8794489 887.9072260 900.6337546 919.7033001 949.9610151 963.9469738 995.9405227 710.4249602 1037.287169 1079.089702 1101.610304 1119.532744 1143.706905 1159.501027 1173.367695 1186.047140 1190.424098 646.0151362 623.4734423 1242.579963 539.8233149 519.9909583 2.263161749e-08 1402.016597 0.0002843180512 0.03737633155 78.31367611 74.69763589 71.07764344 51.04310470 32.91987843 241.4294525 1673.301001 1759.726506 1924.744647 2129.604908 2181.066822 2248.044035 2362.499897 2543.446475 2638.400736 2784.101378 2865.909767 3008.011017 3042.721070 3298.541602 3968.063121 3859.343360 4302.083478 4436.119661 4730.230897 4872.623082 4969.730531 5096.553382 5305.506808 5583.210203 5666.148002 5733.064635 7051.949006 8972.179073 14051.92095 15686.67194 18373.00016 20725.73434 21777.20595 22324.80281 24748.63180 24939.37328 26267.26834 27933.89023 29734.34710 30629.26655 31330.13294 32073.53505 33551.91892 34331.07159 34582.71959 35300.66275 38370.09755 42977.02918 47866.45008 49614.22817 52061.70455 58401.63681 58996.31588 102882.4033 102882.6445 102978.8584 103165.3596 102114.2370 103439.7648 103572.0926 101606.2648 100874.6757 100708.9191 100191.5500 100073.4533 99818.66674 104548.6019 104905.6093 105333.8392 98948.96557 105695.4342 65493.40953 67795.61325 83348.91244 84311.73112 82453.97304 80261.01227 78843.86798 87925.43575 89558.63760 93479.24304 109001.4319 110537.2159 120493.7812 130146.0319 152771.1626 167134.2876 212254.2762 3207645.971
      sorted:	 2.263161749e-08 0.0002843180512 0.03737633155 32.91987843 51.04310470 71.07764344 74.69763589 78.31367611 241.4294525 519.9909583 539.8233149 623.4734423 646.0151362 685.3866099 685.3866099 710.4249602 749.7717484 762.5493805 777.3838094 794.4507329 814.0218250 836.1409392 860.8794489 887.9072260 900.6337546 919.7033001 949.9610151 963.9469738 995.9405227 1037.287169 1079.089702 1101.610304 1119.532744 1143.706905 1159.501027 1173.367695 1186.047140 1190.424098 1242.579963 1402.016597 1673.301001 1759.726506 1924.744647 2129.604908 2181.066822 2248.044035 2362.499897 2543.446475 2638.400736 2784.101378 2865.909767 3008.011017 3042.721070 3298.541602 3859.343360 3968.063121 4302.083478 4436.119661 4730.230897 4872.623082 4969.730531 5096.553382 5305.506808 5583.210203 5666.148002 5733.064635 7051.949006 8972.179073 14051.92095 15686.67194 18373.00016 20725.73434 21777.20595 22324.80281 24748.63180 24939.37328 26267.26834 27933.89023 29734.34710 30629.26655 31330.13294 32073.53505 33551.91892 34331.07159 34582.71959 35300.66275 38370.09755 42977.02918 47866.45008 49614.22817 52061.70455 58401.63681 58996.31588 65493.40953 67795.61325 78843.86798 80261.01227 82453.97304 83348.91244 84311.73112 87925.43575 89558.63760 93479.24304 98948.96557 99818.66674 100073.4533 100191.5500 100708.9191 100874.6757 101606.2648 102114.2370 102882.4033 102882.6445 102978.8584 103165.3596 103439.7648 103572.0926 104548.6019 104905.6093 105333.8392 105695.4342 109001.4319 110537.2159 120493.7812 130146.0319 152771.1626 167134.2876 212254.2762 3207645.971
