    unsorted:	 685.1804721 685.1046961 685.0047959 684.8823262 684.7710234 684.6267703 684.3840982 685.4568006 684.0456274 683.5886802 678.8075202 676.5338767 674.5049658 671.7450545 668.1273557 663.6602425 657.9650819 651.1821331 643.0851132 635.5794017 628.5416749 620.4007100 611.0950324 596.5423847 734.3563230 580.8690828 565.4554231 754.1016026 547.8074055 516.6632606 488.4970241 457.8863101 845.0248480 413.7847132 408.6094046 362.9086291 332.0957685 303.3445538 1028.903266 250.9254388 213.7962461 1267.236061 1263.520594 1215.962998 1485.403745 1494.105372 1478.690410 1447.347040 113.6214122 80.39120409 45.74841216 1628.415688 1682.753113 1721.155240 1762.764602 1926.225958 1981.841155 2075.344350 2121.795129 2191.220310 2292.661796 2365.015246 2421.536171 2552.345483 2629.475238 2760.427757 2905.336358 3001.575026 3077.812165 3173.312062 3269.166253 3393.563044 3590.344509 3692.229490 3718.034637 7192.738846 36806.78512 36507.34454 36236.38148 35691.18705 35797.34335 37373.64800 37722.36237 34866.09298 38148.59906 34324.27455 33290.83720 32887.32067 32119.87483 39919.53654 41151.78708 41744.72972 42021.59597 42402.16477 42804.04927 43005.30289 44056.89681 44498.97434 44902.24376 30994.00242 29907.98390 29369.85757 28434.73776 46661.42582 47305.87798 48085.09234 49188.14553 50856.71606 52016.73013 55157.47291 55847.65119 56654.12705 60666.05864 62207.25223 64090.93300 66906.29325 75864.07115 74869.65340 77714.85765 80821.21919 81177.51792 81983.90766 86004.00790 87724.04198 94084.05725 96092.64512 98797.66180 105492.4123 105550.9906 106136.3855 102915.2438 106708.0614 109169.4769 118941.3748 123978.3815 133944.1926 140293.0081 178451.1844 2.479800101e-06 2.479800101e-06
      sorted:	 2.479800101e-06 2.479800101e-06 45.74841216 80.39120409 113.6214122 213.7962461 250.9254388 303.3445538 332.0957685 362.9086291 408.6094046 413.7847132 457.8863101 488.4970241 516.6632606 547.8074055 565.4554231 580.8690828 596.5423847 611.0950324 620.4007100 628.5416749 635.5794017 643.0851132 651.1821331 657.9650819 663.6602425 668.1273557 671.7450545 674.5049658 676.5338767 678.8075202 683.5886802 684.0456274 684.3840982 684.6267703 684.7710234 684.8823262 685.0047959 685.1046961 685.1804721 685.4568006 734.3563230 754.1016026 845.0248480 1028.903266 1215.962998 1263.520594 1267.236061 1447.347040 1478.690410 1485.403745 1494.105372 1628.415688 1682.753113 1721.155240 1762.764602 1926.225958 1981.841155 2075.344350 2121.795129 2191.220310 2292.661796 2365.015246 2421.536171 2552.345483 2629.475238 2760.427757 2905.336358 3001.575026 3077.812165 3173.312062 3269.166253 3393.563044 3590.344509 3692.229490 3718.034637 7192.738846 28434.73776 29369.85757 29907.98390 30994.00242 32119.87483 32887.32067 33290.83720 34324.27455 34866.09298 35691.18705 35797.34335 36236.38148 36507.34454 36806.78512 37373.64800 37722.36237 38148.59906 39919.53654 41151.78708 41744.72972 42021.59597 42402.16477 42804.04927 43005.30289 44056.89681 44498.97434 44902.24376 46661.42582 47305.87798 48085.09234 49188.14553 50856.71606 52016.73013 55157.47291 55847.65119 56654.12705 60666.05864 62207.25223 64090.93300 66906.29325 74869.65340 75864.07115 77714.85765 80821.21919 81177.51792 81983.90766 86004.00790 87724.04198 94084.05725 96092.64512 98797.66180 102915.2438 105492.4123 105550.9906 106136.3855 106708.0614 109169.4769 118941.3748 123978.3815 133944.1926 140293.0081 178451.1844
