    unsorted:	 684.7083459 684.8603331 684.5173496 684.2797957 683.9934578 683.6741513 683.3312153 685.4593763 682.8843406 682.2760438 678.7506073 677.0988445 674.7994781 672.0720236 668.8637199 665.0057215 660.2833887 654.8312237 647.9406157 641.8473640 635.2803305 627.8635227 621.2556441 612.6284713 716.2286622 603.4113847 594.1542841 583.6963094 567.1631038 750.4570987 544.2383682 510.2740536 477.6702615 447.1626510 445.2884014 842.0666524 394.5827327 376.7059816 308.9440140 1042.394343 259.4382742 1204.421822 1243.490993 1281.378845 1414.450137 1471.649325 1492.536091 1507.222211 142.6065572 1613.304330 109.3559529 1683.037926 1722.424279 1747.145587 44.91239079 1896.836183 1957.889772 1967.868106 2080.559995 2239.117162 2274.297186 2339.982251 2386.892017 2526.179104 2576.788131 2812.806567 2892.630941 2954.784734 3048.145932 3135.283094 3202.370709 3338.608069 3565.234980 3615.066652 3703.052405 7171.657910 32633.81880 32472.42034 32831.08494 33884.77992 33659.97402 34304.68250 34610.74010 31727.71785 31259.89189 30903.87087 30667.13129 35141.33390 35762.73002 38285.07624 38001.67825 39529.60771 39424.58741 39255.86126 39672.72031 40219.96998 41280.34296 41470.76033 41936.56533 28560.22940 27244.23354 26816.10562 25799.90207 43513.07926 44135.76172 44690.35906 46140.68915 47347.72060 51221.26340 52818.68251 53310.74595 55850.52825 57630.18181 59632.46839 62707.57141 65165.76313 69635.40836 74749.67267 77027.72627 80828.44973 81585.35115 82230.32754 84715.90776 86961.73384 93454.17074 95240.73541 97631.19404 101804.3258 104967.3262 104823.5652 105449.2952 105949.6167 107240.0529 114222.7755 122687.6542 134876.8723 141755.7697 177929.2860 2.479800101e-06 2.479800101e-06
      sorted:	 2.479800101e-06 2.479800101e-06 44.91239079 109.3559529 142.6065572 259.4382742 308.9440140 376.7059816 394.5827327 445.2884014 447.1626510 477.6702615 510.2740536 544.2383682 567.1631038 583.6963094 594.1542841 603.4113847 612.6284713 621.2556441 627.8635227 635.2803305 641.8473640 647.9406157 654.8312237 660.2833887 665.0057215 668.8637199 672.0720236 674.7994781 677.0988445 678.7506073 682.2760438 682.8843406 683.3312153 683.6741513 683.9934578 684.2797957 684.5173496 684.7083459 684.8603331 685.4593763 716.2286622 750.4570987 842.0666524 1042.394343 1204.421822 1243.490993 1281.378845 1414.450137 1471.649325 1492.536091 1507.222211 1613.304330 1683.037926 1722.424279 1747.145587 1896.836183 1957.889772 1967.868106 2080.559995 2239.117162 2274.297186 2339.982251 2386.892017 2526.179104 2576.788131 2812.806567 2892.630941 2954.784734 3048.145932 3135.283094 3202.370709 3338.608069 3565.234980 3615.066652 3703.052405 7171.657910 25799.90207 26816.10562 27244.23354 28560.22940 30667.13129 30903.87087 31259.89189 31727.71785 32472.42034 32633.81880 32831.08494 33659.97402 33884.77992 34304.68250 34610.74010 35141.33390 35762.73002 38001.67825 38285.07624 39255.86126 39424.58741 39529.60771 39672.72031 40219.96998 41280.34296 41470.76033 41936.56533 43513.07926 44135.76172 44690.35906 46140.68915 47347.72060 51221.26340 52818.68251 53310.74595 55850.52825 57630.18181 59632.46839 62707.57141 65165.76313 69635.40836 74749.67267 77027.72627 80828.44973 81585.35115 82230.32754 84715.90776 86961.73384 93454.17074 95240.73541 97631.19404 101804.3258 104823.5652 104967.3262 105449.2952 105949.6167 107240.0529 114222.7755 122687.6542 134876.8723 141755.7697 177929.2860
