    unsorted:	 684.3792595 684.5897987 684.7751202 684.9226266 685.0370207 684.1713851 683.8817493 685.4582696 683.4553466 682.8836514 678.6960083 676.6513111 674.4399525 671.5593918 668.0119028 663.6940881 658.2552872 651.9807100 643.9131143 637.0714604 629.9202526 621.7903727 613.2897255 601.4642097 726.9740687 588.5467656 575.4123409 560.9032918 753.9312095 535.6203453 509.1072656 476.9993431 446.4878391 844.0639538 426.8856597 401.1596873 352.2984857 341.3281169 1036.672040 276.2579339 233.0717580 1213.498336 1255.651221 1274.749909 1483.106408 1487.867826 1496.047607 1437.821403 125.8830174 1624.199533 94.37792292 1699.602332 1709.318965 1757.233404 45.47835508 1915.689239 1974.278243 2019.225889 2103.290337 2215.249247 2286.209653 2354.535786 2405.599653 2542.560338 2603.555967 2787.396920 2900.556007 2978.648285 3062.535441 3155.360470 3238.954353 3366.242819 3578.986949 3654.298838 3711.355413 7194.891146 34067.28840 34262.25884 34906.79625 35200.16070 35466.83772 33584.99239 36074.26754 36474.07896 36684.54108 32939.47064 32013.56173 31851.13393 31514.06728 39601.31772 39327.55320 40097.08454 40648.52110 40897.94292 41099.82058 41361.91112 42665.90865 42820.84738 43277.12512 29846.87361 28500.10195 28023.00072 27047.77935 45090.10272 45599.55573 46290.50712 47591.83355 49323.16967 52391.93247 53198.43159 54475.40834 56052.95698 59287.97378 60352.21036 64448.85540 64822.52146 72255.54518 75919.48655 76539.35840 80824.32323 81298.30380 81977.59129 85189.34517 87185.27583 93676.01117 95627.69369 98017.60448 105249.3714 105214.0259 105792.8415 102286.3346 106297.7586 108136.4621 116507.5786 123305.3003 134125.8362 140144.0903 177695.2974 2.479800101e-06 2.479800101e-06
      sorted:	 2.479800101e-06 2.479800101e-06 45.47835508 94.37792292 125.8830174 233.0717580 276.2579339 341.3281169 352.2984857 401.1596873 426.8856597 446.4878391 476.9993431 509.1072656 535.6203453 560.9032918 575.4123409 588.5467656 601.4642097 613.2897255 621.7903727 629.9202526 637.0714604 643.9131143 651.9807100 658.2552872 663.6940881 668.0119028 671.5593918 674.4399525 676.6513111 678.6960083 682.8836514 683.4553466 683.8817493 684.1713851 684.3792595 684.5897987 684.7751202 684.9226266 685.0370207 685.4582696 726.9740687 753.9312095 844.0639538 1036.672040 1213.498336 1255.651221 1274.749909 1437.821403 1483.106408 1487.867826 1496.047607 1624.199533 1699.602332 1709.318965 1757.233404 1915.689239 1974.278243 2019.225889 2103.290337 2215.249247 2286.209653 2354.535786 2405.599653 2542.560338 2603.555967 2787.396920 2900.556007 2978.648285 3062.535441 3155.360470 3238.954353 3366.242819 3578.986949 3654.298838 3711.355413 7194.891146 27047.77935 28023.00072 28500.10195 29846.87361 31514.06728 31851.13393 32013.56173 32939.47064 33584.99239 34067.28840 34262.25884 34906.79625 35200.16070 35466.83772 36074.26754 36474.07896 36684.54108 39327.55320 39601.31772 40097.08454 40648.52110 40897.94292 41099.82058 41361.91112 42665.90865 42820.84738 43277.12512 45090.10272 45599.55573 46290.50712 47591.83355 49323.16967 52391.93247 53198.43159 54475.40834 56052.95698 59287.97378 60352.21036 64448.85540 64822.52146 72255.54518 75919.48655 76539.35840 80824.32323 81298.30380 81977.59129 85189.34517 87185.27583 93676.01117 95627.69369 98017.60448 102286.3346 105214.0259 105249.3714 105792.8415 106297.7586 108136.4621 116507.5786 123305.3003 134125.8362 140144.0903 177695.2974
