    unsorted:	 684.9631706 685.0656406 685.1517109 685.2166036 684.8779127 684.7422575 684.5217944 685.4562395 684.2162460 683.8007760 678.8112234 676.5041326 674.5106507 671.8117786 668.2046067 663.7086588 658.0096350 651.0524253 643.2555053 635.4405388 628.2732778 620.4438741 611.0998519 595.7772489 736.2661481 579.2760959 753.6740039 563.2726252 544.9722457 512.3309644 483.7788071 452.3046312 845.1680500 404.9299488 402.6018672 352.9693375 326.2796676 293.5562161 1026.125665 244.2020444 208.8390940 1264.583396 1265.811944 1215.428671 110.3607381 1484.601437 1478.489355 1494.819672 1444.896751 76.08960204 45.70754837 1628.419926 1676.519832 1724.431418 1764.128091 1928.371007 1983.588417 2093.648435 2127.593068 2183.436812 2293.854120 2367.790380 2426.444035 2554.602460 2637.419917 2752.137195 2906.224789 3008.667383 3083.223942 3179.053566 3277.732207 3402.842775 3594.063854 3703.852580 3720.653744 7187.327393 36274.46493 36284.03061 36609.89937 36919.37816 37349.42180 37748.26301 35324.76398 38292.04376 38707.21556 34819.44979 33752.83039 33285.00800 40260.58918 41726.14110 42269.37917 42532.71643 42956.63356 43384.57508 43590.70909 44558.04929 45094.47981 45500.56752 32441.63649 31299.27525 30417.49162 29854.58577 47196.94480 28934.50270 47918.03205 48718.87496 49759.99891 51114.67231 52166.49647 55772.94405 56089.36841 57176.99448 61194.26168 62929.38155 64022.87332 67641.09136 75589.90196 75933.08870 80820.47150 78249.61699 81201.70053 82053.28663 86333.88168 87979.79261 94263.50895 96289.24520 99147.66129 103155.3098 105568.4523 105652.7166 106251.3020 106864.1859 109547.4388 119786.4270 124243.7006 133994.2893 140641.1921 178825.3480 2.479800101e-06 2.479800101e-06
      sorted:	 2.479800101e-06 2.479800101e-06 45.70754837 76.08960204 110.3607381 208.8390940 244.2020444 293.5562161 326.2796676 352.9693375 402.6018672 404.9299488 452.3046312 483.7788071 512.3309644 544.9722457 563.2726252 579.2760959 595.7772489 611.0998519 620.4438741 628.2732778 635.4405388 643.2555053 651.0524253 658.0096350 663.7086588 668.2046067 671.8117786 674.5106507 676.5041326 678.8112234 683.8007760 684.2162460 684.5217944 684.7422575 684.8779127 684.9631706 685.0656406 685.1517109 685.2166036 685.4562395 736.2661481 753.6740039 845.1680500 1026.125665 1215.428671 1264.583396 1265.811944 1444.896751 1478.489355 1484.601437 1494.819672 1628.419926 1676.519832 1724.431418 1764.128091 1928.371007 1983.588417 2093.648435 2127.593068 2183.436812 2293.854120 2367.790380 2426.444035 2554.602460 2637.419917 2752.137195 2906.224789 3008.667383 3083.223942 3179.053566 3277.732207 3402.842775 3594.063854 3703.852580 3720.653744 7187.327393 28934.50270 29854.58577 30417.49162 31299.27525 32441.63649 33285.00800 33752.83039 34819.44979 35324.76398 36274.46493 36284.03061 36609.89937 36919.37816 37349.42180 37748.26301 38292.04376 38707.21556 40260.58918 41726.14110 42269.37917 42532.71643 42956.63356 43384.57508 43590.70909 44558.04929 45094.47981 45500.56752 47196.94480 47918.03205 48718.87496 49759.99891 51114.67231 52166.49647 55772.94405 56089.36841 57176.99448 61194.26168 62929.38155 64022.87332 67641.09136 75589.90196 75933.08870 78249.61699 80820.47150 81201.70053 82053.28663 86333.88168 87979.79261 94263.50895 96289.24520 99147.66129 103155.3098 105568.4523 105652.7166 106251.3020 106864.1859 109547.4388 119786.4270 124243.7006 133994.2893 140641.1921 178825.3480
