    unsorted:	 684.6540681 684.8014022 684.4740086 684.2546669 683.9906112 683.6803229 683.3314327 682.9507214 685.4600777 682.5026133 679.9721035 678.7632507 677.0418101 675.0645242 672.7856596 670.0988755 666.8586309 663.1975104 658.6537856 654.8490051 650.7918764 646.3409195 641.7307841 700.5758233 637.0708852 632.7442361 626.0014361 617.9476065 607.5083937 593.1961226 741.9637876 567.8599955 527.7567802 838.6305126 475.9844021 466.4301064 446.4145336 413.8304304 345.7210844 1044.040654 292.9889664 1187.810097 1225.389671 1283.439502 1381.150695 1450.045460 1492.736140 1515.320442 1594.490046 1652.780400 165.7515238 1726.565666 1738.397270 124.3709501 1864.342025 1910.191355 1944.284606 44.23252854 2051.442755 2260.764345 2254.661070 2320.103793 2363.667707 2500.980999 2549.845587 2827.166096 2882.459103 2935.582603 3034.085704 3111.604311 3160.339289 3308.335298 3542.636833 3579.732117 3691.538995 7119.542785 31485.02708 31542.42028 31382.24498 30684.46399 30341.83641 29935.51176 29654.89080 32888.09221 32550.18700 33208.75901 33364.89246 33891.07736 35015.97259 36609.52297 36838.87804 37951.42167 37968.42614 38248.38224 38586.02196 27233.08074 39788.76209 40338.95249 40404.89021 41250.29264 26106.56105 25722.89325 42143.26779 24631.49621 42823.30075 43309.65490 44761.74635 45173.12405 49463.97553 51574.53381 53928.44307 55341.53169 56232.78729 59820.83978 60700.90436 65996.94383 67073.64802 73587.77960 77843.26277 80832.88083 82653.23097 82011.39699 84657.62345 87039.47068 93367.89445 94858.76896 97608.98564 101473.4727 104372.4293 104628.2436 105094.6527 105628.5719 106462.3098 112049.6628 121940.2680 136696.1247 145394.3684 180215.7647 2.479800101e-06 2.479800101e-06
      sorted:	 2.479800101e-06 2.479800101e-06 44.23252854 124.3709501 165.7515238 292.9889664 345.7210844 413.8304304 446.4145336 466.4301064 475.9844021 527.7567802 567.8599955 593.1961226 607.5083937 617.9476065 626.0014361 632.7442361 637.0708852 641.7307841 646.3409195 650.7918764 654.8490051 658.6537856 663.1975104 666.8586309 670.0988755 672.7856596 675.0645242 677.0418101 678.7632507 679.9721035 682.5026133 682.9507214 683.3314327 683.6803229 683.9906112 684.2546669 684.4740086 684.6540681 684.8014022 685.4600777 700.5758233 741.9637876 838.6305126 1044.040654 1187.810097 1225.389671 1283.439502 1381.150695 1450.045460 1492.736140 1515.320442 1594.490046 1652.780400 1726.565666 1738.397270 1864.342025 1910.191355 1944.284606 2051.442755 2254.661070 2260.764345 2320.103793 2363.667707 2500.980999 2549.845587 2827.166096 2882.459103 2935.582603 3034.085704 3111.604311 3160.339289 3308.335298 3542.636833 3579.732117 3691.538995 7119.542785 24631.49621 25722.89325 26106.56105 27233.08074 29654.89080 29935.51176 30341.83641 30684.46399 31382.24498 31485.02708 31542.42028 32550.18700 32888.09221 33208.75901 33364.89246 33891.07736 35015.97259 36609.52297 36838.87804 37951.42167 37968.42614 38248.38224 38586.02196 39788.76209 40338.95249 40404.89021 41250.29264 42143.26779 42823.30075 43309.65490 44761.74635 45173.12405 49463.97553 51574.53381 53928.44307 55341.53169 56232.78729 59820.83978 60700.90436 65996.94383 67073.64802 73587.77960 77843.26277 80832.88083 82011.39699 82653.23097 84657.62345 87039.47068 93367.89445 94858.76896 97608.98564 101473.4727 104372.4293 104628.2436 105094.6527 105628.5719 106462.3098 112049.6628 121940.2680 136696.1247 145394.3684 180215.7647
