    unsorted:	 684.7772845 684.9184134 684.5983550 684.3746712 684.1074183 683.8212552 683.5015363 685.4590507 683.0512264 682.4391286 678.6724921 676.8769228 674.5692216 671.7440148 668.3778813 664.3108327 659.2866302 653.4876824 646.0993127 639.6518575 632.7291878 624.9908101 617.7173316 607.9821328 720.2675137 597.3614280 586.5817209 574.8949805 752.0790932 555.0383046 530.7396369 495.9118897 468.1780343 842.8700255 432.1211968 439.1909909 376.2102709 366.8487368 297.3471132 1040.824661 249.8308115 1208.220507 1248.105419 1279.479454 1423.320715 1476.548396 1491.484264 1503.347766 136.4409966 1617.742382 104.3104489 1690.926089 1716.905612 1751.194012 45.11995886 1904.299963 1965.901209 1982.868722 2088.732901 2231.291056 2278.983865 2345.360896 2393.529731 2532.544432 2585.694553 2804.951892 2895.582559 2962.626366 3052.890479 3142.298938 3215.219607 3347.981095 3570.341793 3628.094331 3706.111129 7182.494289 33090.26078 33295.12301 32820.04605 34286.26488 34061.80266 34683.13054 35083.73901 35587.30079 32106.47168 31256.20033 31451.21191 30988.69927 36060.99680 39746.39616 40005.74930 40080.80088 39600.41234 38797.33366 38479.96120 40434.12727 41752.67957 41871.82235 42345.26366 28993.41332 27648.08926 27204.50775 26203.44141 44034.34656 44599.70796 45200.34270 46611.05007 48044.15353 51843.88303 52863.47772 53498.77634 55915.12997 58226.87376 59732.87195 63381.64425 64927.25578 70504.52785 75158.79951 76802.17100 80826.98808 81475.89264 82121.34622 84830.29690 87002.53927 93509.35146 95367.89356 97717.37901 101948.2093 105066.4840 104960.4637 105564.2069 106060.9927 107524.8651 114969.3523 122898.1885 134541.0733 141000.9516 177691.9286 2.479800101e-06 2.479800101e-06
      sorted:	 2.479800101e-06 2.479800101e-06 45.11995886 104.3104489 136.4409966 249.8308115 297.3471132 366.8487368 376.2102709 432.1211968 439.1909909 468.1780343 495.9118897 530.7396369 555.0383046 574.8949805 586.5817209 597.3614280 607.9821328 617.7173316 624.9908101 632.7291878 639.6518575 646.0993127 653.4876824 659.2866302 664.3108327 668.3778813 671.7440148 674.5692216 676.8769228 678.6724921 682.4391286 683.0512264 683.5015363 683.8212552 684.1074183 684.3746712 684.5983550 684.7772845 684.9184134 685.4590507 720.2675137 752.0790932 842.8700255 1040.824661 1208.220507 1248.105419 1279.479454 1423.320715 1476.548396 1491.484264 1503.347766 1617.742382 1690.926089 1716.905612 1751.194012 1904.299963 1965.901209 1982.868722 2088.732901 2231.291056 2278.983865 2345.360896 2393.529731 2532.544432 2585.694553 2804.951892 2895.582559 2962.626366 3052.890479 3142.298938 3215.219607 3347.981095 3570.341793 3628.094331 3706.111129 7182.494289 26203.44141 27204.50775 27648.08926 28993.41332 30988.69927 31256.20033 31451.21191 32106.47168 32820.04605 33090.26078 33295.12301 34061.80266 34286.26488 34683.13054 35083.73901 35587.30079 36060.99680 38479.96120 38797.33366 39600.41234 39746.39616 40005.74930 40080.80088 40434.12727 41752.67957 41871.82235 42345.26366 44034.34656 44599.70796 45200.34270 46611.05007 48044.15353 51843.88303 52863.47772 53498.77634 55915.12997 58226.87376 59732.87195 63381.64425 64927.25578 70504.52785 75158.79951 76802.17100 80826.98808 81475.89264 82121.34622 84830.29690 87002.53927 93509.35146 95367.89356 97717.37901 101948.2093 104960.4637 105066.4840 105564.2069 106060.9927 107524.8651 114969.3523 122898.1885 134541.0733 141000.9516 177691.9286
