    unsorted:	 684.6275021 684.7860330 684.4319113 684.1918274 683.9018282 683.5637834 683.1920274 685.4598913 682.7753684 682.2467630 679.3247655 677.9712287 675.9323232 673.6092965 670.9244980 667.7352937 663.8818606 659.4721054 653.9567850 649.1642201 644.0183513 638.1296997 632.6780708 706.4602508 626.3228477 620.3317398 613.9393269 604.5232816 595.0548870 745.4792661 576.0055832 547.0225393 507.0267922 839.9654363 466.3055074 458.1752404 433.2713952 399.8503214 333.3528591 1044.102799 281.0744245 1194.285259 1232.221755 1283.522774 1393.445451 1458.519299 1493.240774 1513.438836 1601.728216 157.1541162 1664.000329 1730.457467 1737.916996 119.4168754 1877.121982 1952.026503 1926.589483 44.46494702 2062.015439 2253.846995 2262.394603 2327.396392 2372.044909 2510.403332 2558.962672 2824.498245 2886.071334 2940.807460 3038.734742 3119.996985 3174.896515 3318.892196 3551.850168 3590.479046 3695.816175 7140.231735 31778.28026 31835.13709 31944.38199 33192.78211 32902.76059 33730.23855 33592.73451 31036.97347 34292.21897 30685.73985 30244.20063 30000.80070 35213.08868 37301.58800 37064.23446 38454.63151 38379.92325 38694.84182 38928.42590 40129.37709 40511.10556 40731.00503 41348.24921 27682.00707 26474.74797 26076.25509 25017.43912 42541.40286 43250.44209 43744.57806 45226.19887 45889.42988 50029.65751 52000.17297 53720.43385 55653.47481 56519.25556 59697.52030 61366.48174 65707.76808 67916.37080 73965.26675 77552.87142 80831.45509 82501.33545 81850.30294 84628.60507 86980.06962 93387.81786 94984.57649 97579.08375 101567.0886 104529.5701 104749.0854 105215.2914 105734.5001 106709.2637 112765.1638 122217.1255 135927.8991 143946.2275 179121.9082 2.479800101e-06 2.479800101e-06
      sorted:	 2.479800101e-06 2.479800101e-06 44.46494702 119.4168754 157.1541162 281.0744245 333.3528591 399.8503214 433.2713952 458.1752404 466.3055074 507.0267922 547.0225393 576.0055832 595.0548870 604.5232816 613.9393269 620.3317398 626.3228477 632.6780708 638.1296997 644.0183513 649.1642201 653.9567850 659.4721054 663.8818606 667.7352937 670.9244980 673.6092965 675.9323232 677.9712287 679.3247655 682.2467630 682.7753684 683.1920274 683.5637834 683.9018282 684.1918274 684.4319113 684.6275021 684.7860330 685.4598913 706.4602508 745.4792661 839.9654363 1044.102799 1194.285259 1232.221755 1283.522774 1393.445451 1458.519299 1493.240774 1513.438836 1601.728216 1664.000329 1730.457467 1737.916996 1877.121982 1926.589483 1952.026503 2062.015439 2253.846995 2262.394603 2327.396392 2372.044909 2510.403332 2558.962672 2824.498245 2886.071334 2940.807460 3038.734742 3119.996985 3174.896515 3318.892196 3551.850168 3590.479046 3695.816175 7140.231735 25017.43912 26076.25509 26474.74797 27682.00707 30000.80070 30244.20063 30685.73985 31036.97347 31778.28026 31835.13709 31944.38199 32902.76059 33192.78211 33592.73451 33730.23855 34292.21897 35213.08868 37064.23446 37301.58800 38379.92325 38454.63151 38694.84182 38928.42590 40129.37709 40511.10556 40731.00503 41348.24921 42541.40286 43250.44209 43744.57806 45226.19887 45889.42988 50029.65751 52000.17297 53720.43385 55653.47481 56519.25556 59697.52030 61366.48174 65707.76808 67916.37080 73965.26675 77552.87142 80831.45509 81850.30294 82501.33545 84628.60507 86980.06962 93387.81786 94984.57649 97579.08375 101567.0886 104529.5701 104749.0854 105215.2914 105734.5001 106709.2637 112765.1638 122217.1255 135927.8991 143946.2275 179121.9082
