    unsorted:	 685.1385546 685.0507769 684.9358402 684.7927352 684.6498525 684.4932421 684.2310657 685.4573274 683.8600764 683.3619354 678.7810822 676.5621305 674.4816536 671.6657581 668.0524126 663.6192884 657.9662624 651.3500463 643.1077697 635.8791769 628.8258517 620.5637275 611.3904912 597.6866209 732.1949733 582.8789802 568.1107300 754.3207427 551.3051855 521.8662451 494.1065516 463.8626985 844.7995906 423.8127289 414.6538350 374.2856519 338.2967596 314.5715116 1031.620515 258.5026996 219.4711453 1269.637490 1261.313463 1215.841769 117.2823643 1485.989954 1480.715944 1493.628614 1446.591700 84.89200648 45.71024161 1627.710250 1689.102513 1717.191798 1761.236340 1923.444659 1979.757158 2056.690358 2115.948249 2199.150522 2291.021361 2361.905377 2416.450880 2549.644933 2621.084762 2769.214380 2904.104334 2994.184095 3072.574405 3167.480670 3259.844783 3384.389446 3586.638343 3679.902890 3715.829287 7195.960372 36293.56814 36139.69564 35800.41863 35128.65137 35278.96184 37032.06310 37196.02983 37614.43237 34423.08818 33845.94652 32846.37575 32512.15635 31874.05961 39664.84990 40597.79041 41189.28238 41552.52192 41870.61607 42227.40062 42440.24911 43575.94440 43920.33567 44331.42235 30645.38882 29419.56925 28903.65797 27954.38481 46135.43265 46712.96290 47467.69750 48637.21723 50422.28844 52064.56860 54506.18628 55493.29441 56313.76359 60184.28459 61520.33618 64192.70872 66186.68942 74008.03002 75945.83262 77205.31336 80822.11954 81191.34796 81949.81795 85700.60263 87507.56932 93926.23128 95920.75507 98493.09558 105413.6276 105444.9845 106021.7044 102689.9642 106562.2735 108808.7701 118112.9106 123737.4537 133951.5117 140078.3432 178128.0602 2.479800101e-06 2.479800101e-06
      sorted:	 2.479800101e-06 2.479800101e-06 45.71024161 84.89200648 117.2823643 219.4711453 258.5026996 314.5715116 338.2967596 374.2856519 414.6538350 423.8127289 463.8626985 494.1065516 521.8662451 551.3051855 568.1107300 582.8789802 597.6866209 611.3904912 620.5637275 628.8258517 635.8791769 643.1077697 651.3500463 657.9662624 663.6192884 668.0524126 671.6657581 674.4816536 676.5621305 678.7810822 683.3619354 683.8600764 684.2310657 684.4932421 684.6498525 684.7927352 684.9358402 685.0507769 685.1385546 685.4573274 732.1949733 754.3207427 844.7995906 1031.620515 1215.841769 1261.313463 1269.637490 1446.591700 1480.715944 1485.989954 1493.628614 1627.710250 1689.102513 1717.191798 1761.236340 1923.444659 1979.757158 2056.690358 2115.948249 2199.150522 2291.021361 2361.905377 2416.450880 2549.644933 2621.084762 2769.214380 2904.104334 2994.184095 3072.574405 3167.480670 3259.844783 3384.389446 3586.638343 3679.902890 3715.829287 7195.960372 27954.38481 28903.65797 29419.56925 30645.38882 31874.05961 32512.15635 32846.37575 33845.94652 34423.08818 35128.65137 35278.96184 35800.41863 36139.69564 36293.56814 37032.06310 37196.02983 37614.43237 39664.84990 40597.79041 41189.28238 41552.52192 41870.61607 42227.40062 42440.24911 43575.94440 43920.33567 44331.42235 46135.43265 46712.96290 47467.69750 48637.21723 50422.28844 52064.56860 54506.18628 55493.29441 56313.76359 60184.28459 61520.33618 64192.70872 66186.68942 74008.03002 75945.83262 77205.31336 80822.11954 81191.34796 81949.81795 85700.60263 87507.56932 93926.23128 95920.75507 98493.09558 102689.9642 105413.6276 105444.9845 106021.7044 106562.2735 108808.7701 118112.9106 123737.4537 133951.5117 140078.3432 178128.0602
