    unsorted:	 684.5180306 684.6949556 684.8591152 684.9900276 685.0907500 684.3409523 684.0634177 685.4578177 683.6622951 683.1251321 678.7404378 676.5980800 674.4542000 671.5953614 668.0039537 663.6173177 658.0487310 651.5971944 643.3692912 636.3582062 629.2411209 620.9984410 612.0859793 599.2941395 729.7474946 585.3983343 571.3753565 754.2814274 555.6192139 528.1212959 500.8784875 470.1776915 434.8367106 844.4828847 420.7514235 387.0665517 344.9639202 327.2603488 1034.228016 266.9465939 225.8879775 1215.027788 1272.181560 1258.695663 1486.177136 1483.379704 1494.061357 1443.144598 121.3603822 89.56344461 1626.308434 1695.223615 1712.779717 1759.431230 45.61513363 1919.960625 1977.267566 2037.936173 2109.818119 2207.177136 2288.887398 2358.425069 2411.152387 2546.415589 2612.405422 2778.272435 2902.513132 2986.523898 3067.490846 3161.512689 3249.769133 3375.297549 3582.879302 3667.218934 3713.650885 7196.749910 34587.43405 34765.03799 35689.87592 35861.44017 35349.39498 33995.87678 36583.52583 36820.17228 37112.59372 33384.32737 32420.40983 32161.26921 31686.96731 40068.79092 39490.36011 40628.30804 41366.86277 41100.60951 41658.25108 41892.15560 43113.41189 43359.80502 43789.55464 30258.20494 28950.74656 28455.04952 27492.49144 45613.48250 46142.76617 46868.87906 48105.64884 49898.85868 52208.75124 53849.19196 55002.73546 56147.70387 59736.56906 60888.67127 64322.37731 65483.02756 73133.34654 76018.52520 76761.05961 80823.15798 81233.85637 81948.30439 85427.74427 87328.47073 93790.28555 95767.63813 98233.22624 105327.5151 105338.1334 105907.1940 102480.1495 106425.8873 108464.6647 117301.6014 123515.0930 134012.3007 140021.0676 177870.1359 2.479800101e-06 2.479800101e-06
      sorted:	 2.479800101e-06 2.479800101e-06 45.61513363 89.56344461 121.3603822 225.8879775 266.9465939 327.2603488 344.9639202 387.0665517 420.7514235 434.8367106 470.1776915 500.8784875 528.1212959 555.6192139 571.3753565 585.3983343 599.2941395 612.0859793 620.9984410 629.2411209 636.3582062 643.3692912 651.5971944 658.0487310 663.6173177 668.0039537 671.5953614 674.4542000 676.5980800 678.7404378 683.1251321 683.6622951 684.0634177 684.3409523 684.5180306 684.6949556 684.8591152 684.9900276 685.0907500 685.4578177 729.7474946 754.2814274 844.4828847 1034.228016 1215.027788 1258.695663 1272.181560 1443.144598 1483.379704 1486.177136 1494.061357 1626.308434 1695.223615 1712.779717 1759.431230 1919.960625 1977.267566 2037.936173 2109.818119 2207.177136 2288.887398 2358.425069 2411.152387 2546.415589 2612.405422 2778.272435 2902.513132 2986.523898 3067.490846 3161.512689 3249.769133 3375.297549 3582.879302 3667.218934 3713.650885 7196.749910 27492.49144 28455.04952 28950.74656 30258.20494 31686.96731 32161.26921 32420.40983 33384.32737 33995.87678 34587.43405 34765.03799 35349.39498 35689.87592 35861.44017 36583.52583 36820.17228 37112.59372 39490.36011 40068.79092 40628.30804 41100.60951 41366.86277 41658.25108 41892.15560 43113.41189 43359.80502 43789.55464 45613.48250 46142.76617 46868.87906 48105.64884 49898.85868 52208.75124 53849.19196 55002.73546 56147.70387 59736.56906 60888.67127 64322.37731 65483.02756 73133.34654 76018.52520 76761.05961 80823.15798 81233.85637 81948.30439 85427.74427 87328.47073 93790.28555 95767.63813 98233.22624 102480.1495 105327.5151 105338.1334 105907.1940 106425.8873 108464.6647 117301.6014 123515.0930 134012.3007 140021.0676 177870.1359
