    unsorted:	 684.6535484 684.8122545 684.4559101 684.2116069 683.9162599 683.5775871 683.2129125 685.4596570 682.7772503 682.1956818 678.9470039 677.4446292 675.2243575 672.6585717 669.6713178 666.0994118 661.7605968 656.7623923 650.4857891 644.9312416 638.9456702 632.0915446 626.0567141 711.6505282 618.5243290 610.8816770 603.3123744 593.5628083 580.7812717 748.2825222 559.4130001 527.5996023 489.8600514 841.1044124 458.7128242 451.4964825 414.1916365 387.5405446 321.0215579 1043.518326 269.8638409 1199.796603 1238.223811 1282.778483 1404.512671 1465.673692 1493.141024 1510.666128 1607.985300 149.4768665 1674.060224 1727.400381 1742.390235 114.4029865 44.69269599 1887.872926 1959.156077 1943.204243 2071.684916 2246.688421 2268.788164 2334.010161 2379.757407 2518.807756 2567.900328 2819.506741 2889.444523 2947.382506 3043.428065 3127.868845 3188.917755 3328.946522 3559.219764 3602.399349 3699.636877 7157.592670 32200.16027 32145.91625 32380.22251 33522.74500 33273.03768 33944.02540 34155.59382 31377.61245 31002.58996 30566.89651 30337.19893 34709.08697 35472.45178 37529.11496 37783.13972 39283.60060 39133.89021 38951.63132 38814.98556 40211.01872 40838.08477 41091.66270 41589.20400 28123.60346 26853.53172 26440.33734 43010.08364 43687.65377 25405.59127 44204.85642 45680.66828 46624.12604 50615.05052 52429.23240 53492.75510 55778.34139 57037.84435 59628.56593 62035.67301 65427.57939 68772.25888 74351.72791 77279.85694 80829.95521 81709.33804 82358.65525 84648.18926 86954.23940 93414.81771 95112.84153 97585.76302 101677.3120 104861.8238 104679.9382 105333.2388 105841.1742 106968.3664 113488.7929 122463.2035 135330.2251 142735.8309 178385.6905 2.479800101e-06 2.479800101e-06
      sorted:	 2.479800101e-06 2.479800101e-06 44.69269599 114.4029865 149.4768665 269.8638409 321.0215579 387.5405446 414.1916365 451.4964825 458.7128242 489.8600514 527.5996023 559.4130001 580.7812717 593.5628083 603.3123744 610.8816770 618.5243290 626.0567141 632.0915446 638.9456702 644.9312416 650.4857891 656.7623923 661.7605968 666.0994118 669.6713178 672.6585717 675.2243575 677.4446292 678.9470039 682.1956818 682.7772503 683.2129125 683.5775871 683.9162599 684.2116069 684.4559101 684.6535484 684.8122545 685.4596570 711.6505282 748.2825222 841.1044124 1043.518326 1199.796603 1238.223811 1282.778483 1404.512671 1465.673692 1493.141024 1510.666128 1607.985300 1674.060224 1727.400381 1742.390235 1887.872926 1943.204243 1959.156077 2071.684916 2246.688421 2268.788164 2334.010161 2379.757407 2518.807756 2567.900328 2819.506741 2889.444523 2947.382506 3043.428065 3127.868845 3188.917755 3328.946522 3559.219764 3602.399349 3699.636877 7157.592670 25405.59127 26440.33734 26853.53172 28123.60346 30337.19893 30566.89651 31002.58996 31377.61245 32145.91625 32200.16027 32380.22251 33273.03768 33522.74500 33944.02540 34155.59382 34709.08697 35472.45178 37529.11496 37783.13972 38814.98556 38951.63132 39133.89021 39283.60060 40211.01872 40838.08477 41091.66270 41589.20400 43010.08364 43687.65377 44204.85642 45680.66828 46624.12604 50615.05052 52429.23240 53492.75510 55778.34139 57037.84435 59628.56593 62035.67301 65427.57939 68772.25888 74351.72791 77279.85694 80829.95521 81709.33804 82358.65525 84648.18926 86954.23940 93414.81771 95112.84153 97585.76302 101677.3120 104679.9382 104861.8238 105333.2388 105841.1742 106968.3664 113488.7929 122463.2035 135330.2251 142735.8309 178385.6905
