    unsorted:	 684.8505871 684.9787482 684.6866961 684.4810771 684.2398003 683.9933814 683.6912286 685.4586812 683.2476575 682.6494984 678.6653840 676.7373490 674.4659340 671.5933774 668.1179891 663.9023935 658.6428282 652.5780860 644.7960798 638.1212308 631.0198440 623.0609778 615.1218118 604.3149532 723.8307471 592.4748303 580.4105523 567.2969743 753.2162671 544.5448429 519.0251326 485.0956173 457.9577167 843.5308148 433.0368904 416.3517002 361.3570189 355.8399491 286.4123373 1038.892928 241.0460023 1211.236206 1252.138600 1277.224890 1431.136171 1489.962158 1480.412609 1499.407737 130.8909530 1621.357264 99.30511289 1697.362351 1711.553980 1754.525120 45.31066305 1910.518427 1970.630513 2000.727446 2096.285523 2223.308987 2282.930007 2350.196107 2399.744037 2537.972457 2594.629361 2796.374009 2898.238554 2970.641220 3057.678439 3148.973235 3227.426480 3357.163061 3574.855770 3641.224082 3708.861560 7190.193706 31628.57949 31618.77455 33568.17872 33772.18044 33192.02605 34727.14197 34477.41450 35073.02188 35572.08800 32512.43571 36041.29139 36359.67933 31285.14779 39262.05272 38954.29370 39730.47146 40191.24674 40463.56149 40556.99542 40860.39386 42221.23871 42315.83606 42794.79758 29423.13081 28066.30592 27606.48447 26618.69893 44562.71190 45085.81525 45733.99403 47094.17107 48704.08548 52728.14982 52421.33689 53961.60415 55980.75088 58789.20804 59962.61131 64050.10347 64723.61828 71378.46232 75569.10794 76617.77689 80825.60486 81379.93172 82036.01793 84989.07765 87076.89026 93582.74415 95495.85820 97845.84424 102108.9301 105160.1769 105090.6398 105678.5837 106176.5857 107823.4376 115730.4697 123101.8292 134297.6147 140466.3407 177626.2540 2.479800101e-06 2.479800101e-06
      sorted:	 2.479800101e-06 2.479800101e-06 45.31066305 99.30511289 130.8909530 241.0460023 286.4123373 355.8399491 361.3570189 416.3517002 433.0368904 457.9577167 485.0956173 519.0251326 544.5448429 567.2969743 580.4105523 592.4748303 604.3149532 615.1218118 623.0609778 631.0198440 638.1212308 644.7960798 652.5780860 658.6428282 663.9023935 668.1179891 671.5933774 674.4659340 676.7373490 678.6653840 682.6494984 683.2476575 683.6912286 683.9933814 684.2398003 684.4810771 684.6866961 684.8505871 684.9787482 685.4586812 723.8307471 753.2162671 843.5308148 1038.892928 1211.236206 1252.138600 1277.224890 1431.136171 1480.412609 1489.962158 1499.407737 1621.357264 1697.362351 1711.553980 1754.525120 1910.518427 1970.630513 2000.727446 2096.285523 2223.308987 2282.930007 2350.196107 2399.744037 2537.972457 2594.629361 2796.374009 2898.238554 2970.641220 3057.678439 3148.973235 3227.426480 3357.163061 3574.855770 3641.224082 3708.861560 7190.193706 26618.69893 27606.48447 28066.30592 29423.13081 31285.14779 31618.77455 31628.57949 32512.43571 33192.02605 33568.17872 33772.18044 34477.41450 34727.14197 35073.02188 35572.08800 36041.29139 36359.67933 38954.29370 39262.05272 39730.47146 40191.24674 40463.56149 40556.99542 40860.39386 42221.23871 42315.83606 42794.79758 44562.71190 45085.81525 45733.99403 47094.17107 48704.08548 52421.33689 52728.14982 53961.60415 55980.75088 58789.20804 59962.61131 64050.10347 64723.61828 71378.46232 75569.10794 76617.77689 80825.60486 81379.93172 82036.01793 84989.07765 87076.89026 93582.74415 95495.85820 97845.84424 102108.9301 105090.6398 105160.1769 105678.5837 106176.5857 107823.4376 115730.4697 123101.8292 134297.6147 140466.3407 177626.2540
