    unsorted:	 3.398444399e-06 0.6519045437 3.602517036 3.599172352 7.735208562 13.77547551 19.42119835 24.95405960 47.28906487 40.24691650 55.53711665 57.88417730 93.49168334 103.3043296 104.8340137 132.5830022 165.1920308 256.6748413 256.5025768 244.4698526 212.2116026 300.0591777 285.8777119 308.0483703 323.5534931 337.0741433 373.3545244 377.2221975 429.8906996 468.3445292 491.5721360 503.2405913 525.3842615 541.1667461 559.3467533 581.3166599 591.0217348 596.0696799 604.6267455 664.3366244 901.8888087 1012.609828 1633.725459 1642.685288 1873.804953 1966.539793 2271.341241 2338.095538 2749.321412 3093.985362 3024.212661 3370.639520 3565.518820 3646.216565 4023.190852 4218.736958 4587.814384 4671.754462 4843.166219 5105.964320 5368.741839 5670.738439 6163.977452 6721.888802 6983.952877 8786.822006 10060.30918 11458.01364 12192.26423 14888.50749 15209.88872 18431.29704 19913.21915 22601.41819 22912.24620 23830.60974 24759.12342 25907.50381 27186.35820 27074.26625 28023.43114 29433.02927 30120.38498 30695.14100 31334.83108 33629.44127 33888.54014 34551.18284 34905.24362 35773.02153 35506.68084 36138.58244 37086.17778 38899.63038 38998.91680 41391.59106 41643.36893 40693.86165 42486.65614 42792.18898 43732.96754 44697.69834 45163.31953 46486.49125 48318.96213 49584.77466 49811.79232 51145.70072 51635.32072 52682.41129 54355.80212 55327.99665 55749.90856 56903.15803 59288.33006 61962.88197 63616.23365 65681.11729 67101.77529 72545.71495 74313.75313 75424.39470 79382.40370 80733.11643 82385.12685 87394.17129 93974.57919 109048.1284 125175.5482 173258.1200 178481.4845
      sorted:	 3.398444399e-06 0.6519045437 3.599172352 3.602517036 7.735208562 13.77547551 19.42119835 24.95405960 40.24691650 47.28906487 55.53711665 57.88417730 93.49168334 103.3043296 104.8340137 132.5830022 165.1920308 212.2116026 244.4698526 256.5025768 256.6748413 285.8777119 300.0591777 308.0483703 323.5534931 337.0741433 373.3545244 377.2221975 429.8906996 468.3445292 491.5721360 503.2405913 525.3842615 541.1667461 559.3467533 581.3166599 591.0217348 596.0696799 604.6267455 664.3366244 901.8888087 1012.609828 1633.725459 1642.685288 1873.804953 1966.539793 2271.341241 2338.095538 2749.321412 3024.212661 3093.985362 3370.639520 3565.518820 3646.216565 4023.190852 4218.736958 4587.814384 4671.754462 4843.166219 5105.964320 5368.741839 5670.738439 6163.977452 6721.888802 6983.952877 8786.822006 10060.30918 11458.01364 12192.26423 14888.50749 15209.88872 18431.29704 19913.21915 22601.41819 22912.24620 23830.60974 24759.12342 25907.50381 27074.26625 27186.35820 28023.43114 29433.02927 30120.38498 30695.14100 31334.83108 33629.44127 33888.54014 34551.18284 34905.24362 35506.68084 35773.02153 36138.58244 37086.17778 38899.63038 38998.91680 40693.86165 41391.59106 41643.36893 42486.65614 42792.18898 43732.96754 44697.69834 45163.31953 46486.49125 48318.96213 49584.77466 49811.79232 51145.70072 51635.32072 52682.41129 54355.80212 55327.99665 55749.90856 56903.15803 59288.33006 61962.88197 63616.23365 65681.11729 67101.77529 72545.71495 74313.75313 75424.39470 79382.40370 80733.11643 82385.12685 87394.17129 93974.57919 109048.1284 125175.5482 173258.1200 178481.4845
