    unsorted:	 1.874616023e-05 3.344499216 1.734286480 9.560409604 7.688822645 16.42499770 19.93206958 29.03758556 48.10532087 44.10596885 68.61858834 61.21071642 91.96508138 115.5372900 105.7528200 124.0923648 199.0409260 209.3586270 236.7605655 261.7744649 319.0950630 326.1660130 333.8036460 334.6824972 365.2574887 411.8806997 397.7498314 427.6232112 458.2312827 472.2749675 496.4079188 510.8238232 532.7527163 551.7956760 569.2095702 590.6147046 605.6214902 613.4561467 654.0536380 731.5219694 1009.192661 1284.388097 1623.049371 1714.358098 2063.898884 2168.936477 2265.802274 2676.723905 2736.792098 3238.868418 3306.978089 3378.716263 3745.471189 3824.280745 4009.758769 4413.058108 4806.317994 4859.874935 5150.647551 5315.654542 5507.662057 5608.833538 6436.303007 6581.678420 7002.080482 8982.655634 10347.97840 11917.97048 13916.42589 15241.75981 15835.37290 17813.18191 19657.49124 19988.60080 20842.08022 22024.46004 22559.66895 23408.28800 23145.82435 25132.15871 26715.73588 27766.97371 27324.27331 28455.49949 28998.16823 29943.02577 30286.81441 30517.59528 31811.38493 32414.24269 33529.19849 33688.87785 34993.77132 35673.94153 37114.31165 37330.34908 38222.14436 38796.20997 39494.20277 39835.29878 41148.43294 42063.97803 41746.15995 43907.01525 44864.11829 46643.10333 47691.49269 48847.33401 49395.82687 50311.73667 51861.81133 53810.00143 54481.13755 55935.71871 58577.12099 59909.59146 63008.21669 63616.53015 67049.91771 68109.38457 72565.16218 77158.45586 79006.01447 80726.14457 86427.31850 93001.23043 107238.4648 112655.2875 135924.9938 167685.5515 347381.8347
      sorted:	 1.874616023e-05 1.734286480 3.344499216 7.688822645 9.560409604 16.42499770 19.93206958 29.03758556 44.10596885 48.10532087 61.21071642 68.61858834 91.96508138 105.7528200 115.5372900 124.0923648 199.0409260 209.3586270 236.7605655 261.7744649 319.0950630 326.1660130 333.8036460 334.6824972 365.2574887 397.7498314 411.8806997 427.6232112 458.2312827 472.2749675 496.4079188 510.8238232 532.7527163 551.7956760 569.2095702 590.6147046 605.6214902 613.4561467 654.0536380 731.5219694 1009.192661 1284.388097 1623.049371 1714.358098 2063.898884 2168.936477 2265.802274 2676.723905 2736.792098 3238.868418 3306.978089 3378.716263 3745.471189 3824.280745 4009.758769 4413.058108 4806.317994 4859.874935 5150.647551 5315.654542 5507.662057 5608.833538 6436.303007 6581.678420 7002.080482 8982.655634 10347.97840 11917.97048 13916.42589 15241.75981 15835.37290 17813.18191 19657.49124 19988.60080 20842.08022 22024.46004 22559.66895 23145.82435 23408.28800 25132.15871 26715.73588 27324.27331 27766.97371 28455.49949 28998.16823 29943.02577 30286.81441 30517.59528 31811.38493 32414.24269 33529.19849 33688.87785 34993.77132 35673.94153 37114.31165 37330.34908 38222.14436 38796.20997 39494.20277 39835.29878 41148.43294 41746.15995 42063.97803 43907.01525 44864.11829 46643.10333 47691.49269 48847.33401 49395.82687 50311.73667 51861.81133 53810.00143 54481.13755 55935.71871 58577.12099 59909.59146 63008.21669 63616.53015 67049.91771 68109.38457 72565.16218 77158.45586 79006.01447 80726.14457 86427.31850 93001.23043 107238.4648 112655.2875 135924.9938 167685.5515 347381.8347
