    unsorted:	 13.72230834 13.58057143 12.61795465 5.298478881e-05 2.534673544 3.051020243 31.70307626 33.41968442 38.10753846 49.97160710 66.54673147 77.27912826 99.30696865 108.5064751 107.0957096 158.4778113 176.5518490 213.9910860 262.7017499 267.0668616 323.1746362 337.3112390 313.7361242 351.4696905 396.1170669 407.1467807 420.5576567 467.1115578 493.5123439 511.0604657 522.6200719 533.4478922 554.8085098 573.2749033 594.2367800 609.4550407 617.2252052 628.9792804 816.7832521 1015.705928 1046.016732 1569.831866 1626.948846 1827.672373 1929.705368 2302.158760 2517.571556 2859.297807 3020.494153 3041.334667 3453.363695 3540.353489 3629.450311 3998.897801 4425.293648 4585.759178 4649.602019 4774.585596 5326.723920 5699.920326 5782.798399 6220.019271 6289.104995 6928.482251 7267.322955 9075.909986 10329.19787 12660.62873 13220.73717 14837.71733 16218.04382 16382.31094 16662.08117 17276.49356 19045.25741 19632.25260 20137.62238 20572.87395 20989.57351 21387.39056 23634.79354 25306.08814 25869.54519 26536.47273 27454.22307 27392.62108 27229.70059 28688.95443 29246.91744 30191.08950 30529.99421 31460.58336 32873.00527 33150.17303 34492.22508 35246.66645 35634.17524 35836.35580 37063.90503 37804.41693 38074.22661 40374.44598 40675.67928 41292.82530 43223.21663 43891.11861 46229.95414 47186.57509 47906.98592 48108.23270 49727.68868 51118.28086 53203.83025 54542.68635 56663.30901 58539.21392 60492.20798 60767.76628 64584.98552 67601.41569 71346.19383 77042.28992 78146.89329 80716.91296 85062.33783 93854.58397 108241.8985 112257.3817 137543.4949 159511.4711 473073.4070
      sorted:	 5.298478881e-05 2.534673544 3.051020243 12.61795465 13.58057143 13.72230834 31.70307626 33.41968442 38.10753846 49.97160710 66.54673147 77.27912826 99.30696865 107.0957096 108.5064751 158.4778113 176.5518490 213.9910860 262.7017499 267.0668616 313.7361242 323.1746362 337.3112390 351.4696905 396.1170669 407.1467807 420.5576567 467.1115578 493.5123439 511.0604657 522.6200719 533.4478922 554.8085098 573.2749033 594.2367800 609.4550407 617.2252052 628.9792804 816.7832521 1015.705928 1046.016732 1569.831866 1626.948846 1827.672373 1929.705368 2302.158760 2517.571556 2859.297807 3020.494153 3041.334667 3453.363695 3540.353489 3629.450311 3998.897801 4425.293648 4585.759178 4649.602019 4774.585596 5326.723920 5699.920326 5782.798399 6220.019271 6289.104995 6928.482251 7267.322955 9075.909986 10329.19787 12660.62873 13220.73717 14837.71733 16218.04382 16382.31094 16662.08117 17276.49356 19045.25741 19632.25260 20137.62238 20572.87395 20989.57351 21387.39056 23634.79354 25306.08814 25869.54519 26536.47273 27229.70059 27392.62108 27454.22307 28688.95443 29246.91744 30191.08950 30529.99421 31460.58336 32873.00527 33150.17303 34492.22508 35246.66645 35634.17524 35836.35580 37063.90503 37804.41693 38074.22661 40374.44598 40675.67928 41292.82530 43223.21663 43891.11861 46229.95414 47186.57509 47906.98592 48108.23270 49727.68868 51118.28086 53203.83025 54542.68635 56663.30901 58539.21392 60492.20798 60767.76628 64584.98552 67601.41569 71346.19383 77042.28992 78146.89329 80716.91296 85062.33783 93854.58397 108241.8985 112257.3817 137543.4949 159511.4711 473073.4070
