    unsorted:	 0.0002258202096 3.242764104 2.136976295 10.62312364 9.388674449 15.27410080 22.89906698 30.46243829 44.40716914 46.47130735 77.45439970 62.63897480 87.51865221 126.5297794 119.8533207 106.2285589 192.8474946 226.6126303 230.8774450 263.1719658 323.1055342 335.6949125 330.3018485 350.0273233 361.1509069 403.1340601 425.5361206 450.8159136 471.6896507 496.4562871 511.8920952 516.3062311 533.8838415 553.7722639 571.3276731 592.5112558 607.5573948 615.3325306 721.4260501 759.8499559 1017.380415 1409.499872 1620.723732 1734.034741 2031.084006 2243.630767 2379.138814 2616.538371 2943.676925 3197.488610 3342.798301 3552.564495 3708.446923 3814.074017 4092.111260 4498.051218 4763.644800 4836.488542 5284.154215 5365.447578 5553.906249 5773.412231 6378.262623 6655.119573 7065.675950 9025.983164 10336.21881 12052.57526 13868.09817 15539.87660 16174.12838 17804.17561 17376.51593 19568.50527 19983.68881 21233.11668 22030.60074 21920.26839 23185.69060 23567.82193 27217.66273 26220.34280 26801.26563 27834.44381 28030.02117 28784.80129 28978.54573 29568.72677 31227.28668 30841.33720 32918.80343 33182.80541 33906.63524 35065.33924 35142.82555 36501.60790 36829.47158 37761.89413 38264.18286 39236.90030 39499.75843 41378.07591 41554.53165 43395.88313 44361.04202 46000.64647 46409.66660 48527.34250 48609.24071 49294.63497 51209.37117 53122.68843 53760.52735 55359.02563 58225.43974 59173.53626 62454.27641 62916.33592 65856.58453 67346.42406 72077.90211 77070.83348 78597.45828 80723.29692 86052.52150 93139.39763 106701.8674 111424.1372 135294.0575 165262.7018 325754.8099
      sorted:	 0.0002258202096 2.136976295 3.242764104 9.388674449 10.62312364 15.27410080 22.89906698 30.46243829 44.40716914 46.47130735 62.63897480 77.45439970 87.51865221 106.2285589 119.8533207 126.5297794 192.8474946 226.6126303 230.8774450 263.1719658 323.1055342 330.3018485 335.6949125 350.0273233 361.1509069 403.1340601 425.5361206 450.8159136 471.6896507 496.4562871 511.8920952 516.3062311 533.8838415 553.7722639 571.3276731 592.5112558 607.5573948 615.3325306 721.4260501 759.8499559 1017.380415 1409.499872 1620.723732 1734.034741 2031.084006 2243.630767 2379.138814 2616.538371 2943.676925 3197.488610 3342.798301 3552.564495 3708.446923 3814.074017 4092.111260 4498.051218 4763.644800 4836.488542 5284.154215 5365.447578 5553.906249 5773.412231 6378.262623 6655.119573 7065.675950 9025.983164 10336.21881 12052.57526 13868.09817 15539.87660 16174.12838 17376.51593 17804.17561 19568.50527 19983.68881 21233.11668 21920.26839 22030.60074 23185.69060 23567.82193 26220.34280 26801.26563 27217.66273 27834.44381 28030.02117 28784.80129 28978.54573 29568.72677 30841.33720 31227.28668 32918.80343 33182.80541 33906.63524 35065.33924 35142.82555 36501.60790 36829.47158 37761.89413 38264.18286 39236.90030 39499.75843 41378.07591 41554.53165 43395.88313 44361.04202 46000.64647 46409.66660 48527.34250 48609.24071 49294.63497 51209.37117 53122.68843 53760.52735 55359.02563 58225.43974 59173.53626 62454.27641 62916.33592 65856.58453 67346.42406 72077.90211 77070.83348 78597.45828 80723.29692 86052.52150 93139.39763 106701.8674 111424.1372 135294.0575 165262.7018 325754.8099
