    unsorted:	 15.89075238 15.93797677 0.0001320538673 1.988677778 3.526325639 11.20955983 37.83782299 34.07815601 35.03100922 52.18714408 72.00599163 68.99532033 101.5002889 111.9762989 107.4471435 178.9781352 166.7219384 203.3794619 260.1034543 288.2535300 318.8068090 300.5343275 336.5322243 347.0365481 413.9545685 403.3428847 418.2972250 462.9592754 490.1319874 508.7077027 531.6808328 544.9145449 553.5599347 572.8150264 593.8431563 609.6626791 617.3323161 716.4375364 836.1757524 1070.639214 1209.972178 1582.884973 1630.480822 1757.605910 2039.277297 2204.982614 2620.070580 2767.498911 2800.589151 3261.477813 3310.075505 3373.461565 3759.091487 3917.385806 4446.164537 4619.615271 4856.928536 4824.211292 5437.833150 5818.715262 5952.367975 6285.289931 6481.437827 7134.231362 7417.640523 9055.461780 10341.84584 12573.70883 13399.99622 13653.48726 14608.95873 15682.08706 17100.93270 17535.56181 17845.86371 18038.37871 19823.30899 20565.09033 20826.63696 21148.61833 23627.75802 23965.90009 26147.29991 25644.66505 25349.73627 26512.25711 27415.92797 28878.18289 29503.44106 30695.13478 30759.63768 30990.02482 32261.18659 32871.72247 34696.57387 34450.49686 35116.55147 36206.31130 36641.71138 37184.63052 37513.81685 39918.81469 39749.08039 40510.62433 42878.10326 43566.73305 46218.09549 46793.44043 47609.87050 47582.09642 48925.90866 50375.50916 52931.69110 54144.09375 55818.84619 57819.78381 59275.21517 59967.84522 64658.46964 68012.09356 71128.31788 77077.41613 78064.24063 80713.58429 84410.13402 94332.65474 108841.2635 111931.2145 136953.0013 156197.8633 475860.1036
      sorted:	 0.0001320538673 1.988677778 3.526325639 11.20955983 15.89075238 15.93797677 34.07815601 35.03100922 37.83782299 52.18714408 68.99532033 72.00599163 101.5002889 107.4471435 111.9762989 166.7219384 178.9781352 203.3794619 260.1034543 288.2535300 300.5343275 318.8068090 336.5322243 347.0365481 403.3428847 413.9545685 418.2972250 462.9592754 490.1319874 508.7077027 531.6808328 544.9145449 553.5599347 572.8150264 593.8431563 609.6626791 617.3323161 716.4375364 836.1757524 1070.639214 1209.972178 1582.884973 1630.480822 1757.605910 2039.277297 2204.982614 2620.070580 2767.498911 2800.589151 3261.477813 3310.075505 3373.461565 3759.091487 3917.385806 4446.164537 4619.615271 4824.211292 4856.928536 5437.833150 5818.715262 5952.367975 6285.289931 6481.437827 7134.231362 7417.640523 9055.461780 10341.84584 12573.70883 13399.99622 13653.48726 14608.95873 15682.08706 17100.93270 17535.56181 17845.86371 18038.37871 19823.30899 20565.09033 20826.63696 21148.61833 23627.75802 23965.90009 25349.73627 25644.66505 26147.29991 26512.25711 27415.92797 28878.18289 29503.44106 30695.13478 30759.63768 30990.02482 32261.18659 32871.72247 34450.49686 34696.57387 35116.55147 36206.31130 36641.71138 37184.63052 37513.81685 39749.08039 39918.81469 40510.62433 42878.10326 43566.73305 46218.09549 46793.44043 47582.09642 47609.87050 48925.90866 50375.50916 52931.69110 54144.09375 55818.84619 57819.78381 59275.21517 59967.84522 64658.46964 68012.09356 71128.31788 77077.41613 78064.24063 80713.58429 84410.13402 94332.65474 108841.2635 111931.2145 136953.0013 156197.8633 475860.1036
