    unsorted:	 14.41715976 14.37791317 7.678895733e-05 2.364518273 3.215578429 12.13707792 33.64305948 33.90406009 36.87647487 50.73000273 67.37284252 75.43123825 103.5297399 106.1285911 107.3079478 165.2972745 173.2678752 210.4526213 262.0239177 274.4331029 321.9468835 337.1879220 309.5745889 349.8047437 402.8405908 406.2624841 419.8357909 465.8115914 492.4953845 510.4024385 531.7652377 532.9664091 554.5160210 573.2325799 594.2093756 609.6289912 617.3382922 655.2094634 824.5737749 1081.260858 1053.613443 1576.826861 1629.091003 1810.548410 1962.232350 2264.740919 2568.056081 2928.661837 2861.291240 3093.112039 3419.783270 3515.730923 3650.597522 3997.903611 4481.453124 4567.426948 4684.035835 4798.557569 5353.711866 5746.477902 5836.210866 6247.696323 6347.175183 6990.884950 7314.671035 9072.371960 10330.28318 12731.00956 13104.77350 14643.25379 15522.64503 16080.10817 16936.40188 17469.19196 18731.73085 18647.04989 20017.38096 20571.40428 20856.50101 21227.93959 23729.48949 24798.60396 26163.22362 25681.95290 26774.16086 27023.11333 27401.69063 28911.09174 29135.64212 30398.55355 30576.36990 31209.78755 32725.66226 32967.87561 34349.13761 35043.15006 35472.64937 35943.00238 36890.27870 37575.09699 37875.53175 40189.14621 40441.41705 40912.73632 43089.04346 43757.47314 46214.57839 47029.51678 47792.05885 47933.18853 49447.72333 50834.31589 53110.74368 54412.05445 56359.59556 58375.95288 60039.74716 60428.63878 64577.54348 67725.79841 71260.26658 77049.41687 78105.19496 80715.75342 84850.64203 94008.58035 108429.3473 112150.3301 137403.5201 158394.5867 477718.9097
      sorted:	 7.678895733e-05 2.364518273 3.215578429 12.13707792 14.37791317 14.41715976 33.64305948 33.90406009 36.87647487 50.73000273 67.37284252 75.43123825 103.5297399 106.1285911 107.3079478 165.2972745 173.2678752 210.4526213 262.0239177 274.4331029 309.5745889 321.9468835 337.1879220 349.8047437 402.8405908 406.2624841 419.8357909 465.8115914 492.4953845 510.4024385 531.7652377 532.9664091 554.5160210 573.2325799 594.2093756 609.6289912 617.3382922 655.2094634 824.5737749 1053.613443 1081.260858 1576.826861 1629.091003 1810.548410 1962.232350 2264.740919 2568.056081 2861.291240 2928.661837 3093.112039 3419.783270 3515.730923 3650.597522 3997.903611 4481.453124 4567.426948 4684.035835 4798.557569 5353.711866 5746.477902 5836.210866 6247.696323 6347.175183 6990.884950 7314.671035 9072.371960 10330.28318 12731.00956 13104.77350 14643.25379 15522.64503 16080.10817 16936.40188 17469.19196 18647.04989 18731.73085 20017.38096 20571.40428 20856.50101 21227.93959 23729.48949 24798.60396 25681.95290 26163.22362 26774.16086 27023.11333 27401.69063 28911.09174 29135.64212 30398.55355 30576.36990 31209.78755 32725.66226 32967.87561 34349.13761 35043.15006 35472.64937 35943.00238 36890.27870 37575.09699 37875.53175 40189.14621 40441.41705 40912.73632 43089.04346 43757.47314 46214.57839 47029.51678 47792.05885 47933.18853 49447.72333 50834.31589 53110.74368 54412.05445 56359.59556 58375.95288 60039.74716 60428.63878 64577.54348 67725.79841 71260.26658 77049.41687 78105.19496 80715.75342 84850.64203 94008.58035 108429.3473 112150.3301 137403.5201 158394.5867 477718.9097
