    unsorted:	 0.0003308990783 3.343553296 1.937358162 9.968991327 8.536095233 15.84353288 21.37333211 29.76502097 44.63280010 46.88987976 73.03275712 61.91284562 89.71638309 120.8478183 122.0385129 105.9979353 195.9867668 218.0355027 233.9040198 262.5968675 321.3980020 334.9257545 332.5821625 338.4752708 363.2098458 400.6823820 431.9737105 426.6165854 472.0693748 489.2234515 496.6171103 511.4902357 533.4191967 552.9159173 570.3780906 591.6641598 606.7019652 614.5076587 681.9928691 745.8738326 1013.206316 1349.581214 1621.638438 1722.960315 2055.405190 2201.881195 2317.184373 2649.372388 2831.790789 3228.560849 3334.429338 3457.231934 3728.725096 3829.787297 4039.339594 4456.913900 4790.060892 4851.800648 5229.678752 5334.379545 5522.288147 5685.519877 6417.278098 6606.790236 7031.795297 9004.284058 10337.66804 11977.30870 13858.33138 15378.77989 16000.17962 17588.40723 18819.44626 19685.45025 20368.25102 21633.58006 22233.80002 22638.18937 23178.49578 24278.01937 27485.72927 27177.93713 26796.00998 27807.26152 28706.51053 29278.43755 29564.45265 29798.60733 31297.81270 31739.73861 33244.04429 33430.06630 34719.06662 35141.05626 36429.59294 36798.93409 37103.64790 38788.76773 38428.59027 39526.04069 40141.11244 41794.95390 41557.82677 43646.50140 44607.48950 46432.42957 46870.57919 48698.69742 48991.69667 49717.00397 51519.31888 53538.72976 54002.13521 55610.45547 58413.89591 59493.02913 62659.28450 63262.63107 66514.85658 67502.77149 72304.38639 77089.03271 78757.86219 80724.68132 86240.50021 93007.06827 106264.9213 111180.5243 134462.7288 166452.0238 302625.5235
      sorted:	 0.0003308990783 1.937358162 3.343553296 8.536095233 9.968991327 15.84353288 21.37333211 29.76502097 44.63280010 46.88987976 61.91284562 73.03275712 89.71638309 105.9979353 120.8478183 122.0385129 195.9867668 218.0355027 233.9040198 262.5968675 321.3980020 332.5821625 334.9257545 338.4752708 363.2098458 400.6823820 426.6165854 431.9737105 472.0693748 489.2234515 496.6171103 511.4902357 533.4191967 552.9159173 570.3780906 591.6641598 606.7019652 614.5076587 681.9928691 745.8738326 1013.206316 1349.581214 1621.638438 1722.960315 2055.405190 2201.881195 2317.184373 2649.372388 2831.790789 3228.560849 3334.429338 3457.231934 3728.725096 3829.787297 4039.339594 4456.913900 4790.060892 4851.800648 5229.678752 5334.379545 5522.288147 5685.519877 6417.278098 6606.790236 7031.795297 9004.284058 10337.66804 11977.30870 13858.33138 15378.77989 16000.17962 17588.40723 18819.44626 19685.45025 20368.25102 21633.58006 22233.80002 22638.18937 23178.49578 24278.01937 26796.00998 27177.93713 27485.72927 27807.26152 28706.51053 29278.43755 29564.45265 29798.60733 31297.81270 31739.73861 33244.04429 33430.06630 34719.06662 35141.05626 36429.59294 36798.93409 37103.64790 38428.59027 38788.76773 39526.04069 40141.11244 41557.82677 41794.95390 43646.50140 44607.48950 46432.42957 46870.57919 48698.69742 48991.69667 49717.00397 51519.31888 53538.72976 54002.13521 55610.45547 58413.89591 59493.02913 62659.28450 63262.63107 66514.85658 67502.77149 72304.38639 77089.03271 78757.86219 80724.68132 86240.50021 93007.06827 106264.9213 111180.5243 134462.7288 166452.0238 302625.5235
