    unsorted:	 13.01376854 12.73152843 13.15155171 3.900832894e-05 2.691905362 2.880524926 29.79887490 32.90306389 39.38692723 49.20271017 65.73234265 79.19413859 95.01987595 110.7963537 106.9768273 151.7319092 179.8441405 217.5027014 259.4234299 263.1967235 324.0946911 337.2858788 317.6391406 353.2524382 388.5647527 407.5150557 421.3524006 511.6738629 511.5492785 468.3067254 494.4037788 533.8200883 554.9545216 573.1820103 594.0993773 604.4911734 609.8442467 617.1233417 807.6684805 950.7059173 1038.977995 1557.378391 1624.429758 1821.781503 1923.510911 2337.387812 2468.536510 2801.913881 3111.561739 3043.121951 3403.906809 3577.646827 3647.134135 3964.153382 4365.651445 4571.079225 4662.429655 4765.811540 5308.307125 5642.694101 5734.711410 6275.377046 6149.560556 6870.686855 7222.763925 9075.297823 10330.56666 12519.37444 13445.85312 15106.89436 16467.32880 16384.91588 17010.41701 17200.54178 19409.71141 20375.86996 20223.43472 20933.61833 21170.52219 21673.62024 23546.30138 25725.56871 26080.20534 26965.07496 27377.39205 27644.38554 28195.93610 28461.51598 29394.89702 30027.92145 30573.54763 31725.05757 32965.13251 33377.96169 34813.13083 35453.35195 35641.65344 35925.29022 37258.07397 38285.87110 38057.09224 40566.56194 40854.60879 41781.11085 43388.25384 44065.07806 46259.65845 47375.62875 48029.36411 48294.37804 50016.33618 51443.15926 53300.04029 54677.33082 56984.14948 58658.07040 60954.91492 61175.30053 64648.16248 67494.29435 71449.06061 77040.83065 78206.62914 80718.11885 85268.84637 93708.71161 108089.3991 112414.5412 137683.4755 160641.8386 470422.4936
      sorted:	 3.900832894e-05 2.691905362 2.880524926 12.73152843 13.01376854 13.15155171 29.79887490 32.90306389 39.38692723 49.20271017 65.73234265 79.19413859 95.01987595 106.9768273 110.7963537 151.7319092 179.8441405 217.5027014 259.4234299 263.1967235 317.6391406 324.0946911 337.2858788 353.2524382 388.5647527 407.5150557 421.3524006 468.3067254 494.4037788 511.5492785 511.6738629 533.8200883 554.9545216 573.1820103 594.0993773 604.4911734 609.8442467 617.1233417 807.6684805 950.7059173 1038.977995 1557.378391 1624.429758 1821.781503 1923.510911 2337.387812 2468.536510 2801.913881 3043.121951 3111.561739 3403.906809 3577.646827 3647.134135 3964.153382 4365.651445 4571.079225 4662.429655 4765.811540 5308.307125 5642.694101 5734.711410 6149.560556 6275.377046 6870.686855 7222.763925 9075.297823 10330.56666 12519.37444 13445.85312 15106.89436 16384.91588 16467.32880 17010.41701 17200.54178 19409.71141 20223.43472 20375.86996 20933.61833 21170.52219 21673.62024 23546.30138 25725.56871 26080.20534 26965.07496 27377.39205 27644.38554 28195.93610 28461.51598 29394.89702 30027.92145 30573.54763 31725.05757 32965.13251 33377.96169 34813.13083 35453.35195 35641.65344 35925.29022 37258.07397 38057.09224 38285.87110 40566.56194 40854.60879 41781.11085 43388.25384 44065.07806 46259.65845 47375.62875 48029.36411 48294.37804 50016.33618 51443.15926 53300.04029 54677.33082 56984.14948 58658.07040 60954.91492 61175.30053 64648.16248 67494.29435 71449.06061 77040.83065 78206.62914 80718.11885 85268.84637 93708.71161 108089.3991 112414.5412 137683.4755 160641.8386 470422.4936
