    unsorted:	 1.932084219e-05 3.408143309 1.525784388 9.116066710 6.845225817 18.56908818 17.01508886 28.27773598 49.51142737 43.40702596 64.22570079 60.52129464 94.25381878 110.5278776 105.4950990 126.0710303 200.4737629 202.1276305 239.3838478 260.7156044 316.2397202 313.3159970 332.5721428 336.1017473 367.2617237 390.6023773 394.3591156 424.3444681 428.5298953 472.1545344 496.0103842 509.9024194 531.8518857 550.3825109 567.8014531 589.3386353 604.2451420 612.0887524 634.2918573 717.0544075 1004.966755 1215.764226 1624.911310 1706.493970 2042.369046 2139.352957 2243.519279 2606.432148 2745.843517 3267.881461 3194.325768 3354.465430 3747.472993 3795.737230 4005.322673 4369.037864 4804.194562 4854.927328 5068.663895 5288.253989 5497.900314 5558.069563 6408.776088 6602.950170 6974.546036 8955.836750 10348.59358 11866.66404 13871.95091 15125.44220 15676.38536 18010.30301 19669.35142 21124.46018 21379.41027 22406.23447 22880.61924 23174.44328 24307.89267 26062.53444 26583.77776 27476.16427 27762.87939 29190.43963 29444.17125 30283.61589 30975.26628 31683.47295 32423.05620 33319.62947 33780.27071 34039.57968 35033.36799 36563.29847 37450.02273 37628.23332 39935.58785 40093.92966 40227.64513 39151.50396 41872.75724 42353.17360 42578.32285 44248.00581 45140.12081 46751.67037 48487.28519 48995.85787 49785.29341 51054.98742 52263.53415 53953.92386 55021.72887 56388.52399 58719.47858 60383.86663 63158.54468 63937.77752 67216.63376 69152.92983 72852.74011 77197.02019 79235.05400 80727.59797 86612.46690 92902.79427 106998.9234 112400.5216 134940.3184 168902.3212 318039.5961
      sorted:	 1.932084219e-05 1.525784388 3.408143309 6.845225817 9.116066710 17.01508886 18.56908818 28.27773598 43.40702596 49.51142737 60.52129464 64.22570079 94.25381878 105.4950990 110.5278776 126.0710303 200.4737629 202.1276305 239.3838478 260.7156044 313.3159970 316.2397202 332.5721428 336.1017473 367.2617237 390.6023773 394.3591156 424.3444681 428.5298953 472.1545344 496.0103842 509.9024194 531.8518857 550.3825109 567.8014531 589.3386353 604.2451420 612.0887524 634.2918573 717.0544075 1004.966755 1215.764226 1624.911310 1706.493970 2042.369046 2139.352957 2243.519279 2606.432148 2745.843517 3194.325768 3267.881461 3354.465430 3747.472993 3795.737230 4005.322673 4369.037864 4804.194562 4854.927328 5068.663895 5288.253989 5497.900314 5558.069563 6408.776088 6602.950170 6974.546036 8955.836750 10348.59358 11866.66404 13871.95091 15125.44220 15676.38536 18010.30301 19669.35142 21124.46018 21379.41027 22406.23447 22880.61924 23174.44328 24307.89267 26062.53444 26583.77776 27476.16427 27762.87939 29190.43963 29444.17125 30283.61589 30975.26628 31683.47295 32423.05620 33319.62947 33780.27071 34039.57968 35033.36799 36563.29847 37450.02273 37628.23332 39151.50396 39935.58785 40093.92966 40227.64513 41872.75724 42353.17360 42578.32285 44248.00581 45140.12081 46751.67037 48487.28519 48995.85787 49785.29341 51054.98742 52263.53415 53953.92386 55021.72887 56388.52399 58719.47858 60383.86663 63158.54468 63937.77752 67216.63376 69152.92983 72852.74011 77197.02019 79235.05400 80727.59797 86612.46690 92902.79427 106998.9234 112400.5216 134940.3184 168902.3212 318039.5961
