    unsorted:	 1.714653681e-05 11.72327699 2.968678094 2.519823668 11.08447505 14.17564608 26.19428193 31.75496205 42.01165905 47.66972620 86.37625197 83.16138562 64.14921993 115.3858236 106.6406954 138.6805744 186.4039209 224.3607127 243.4136417 263.6105935 324.7453679 324.5474023 336.7733878 357.0818677 370.9340744 406.4779443 423.3017768 484.3918493 470.3163587 495.7693391 512.1159917 534.1454570 554.6927818 561.4145063 572.6797512 593.6792455 608.7620207 616.4693750 785.7556278 826.0821384 1026.978940 1504.861967 1620.873613 1770.355819 1970.819694 2331.110712 2435.643341 2648.148770 3157.625575 3116.487539 3301.283805 3656.674665 3678.302914 3831.224448 4227.635840 4553.564350 4703.170296 4792.166033 5296.141219 5505.322076 5641.376288 5963.800474 6307.760554 6761.880550 7139.933145 9059.194685 10333.43790 12252.40732 13781.58837 15902.59318 16099.55633 16559.27043 17030.06457 18512.80302 19876.29376 20485.29137 21032.22505 21499.39534 22286.63353 23578.68867 23386.62126 26359.60876 26731.58166 27383.02155 27894.10317 28091.78822 28245.64309 29478.27230 30018.66479 30362.02373 31230.71961 32296.36562 33163.60915 33908.17400 35275.80360 35945.20210 36137.71288 36351.16406 37705.69102 38760.11378 38640.16569 40975.21973 41175.77113 42756.93878 43849.12137 44688.23840 46316.54175 47872.23955 48290.99543 48721.12928 50607.87119 52211.29958 53503.85098 54976.41217 57647.99164 58840.72333 61800.73427 62110.80253 64956.20896 67348.14121 71713.23699 77048.48768 78361.80041 80720.63673 85668.14700 93419.79693 107531.2516 112060.9280 136874.7317 162928.2893 395760.1734
      sorted:	 1.714653681e-05 2.519823668 2.968678094 11.08447505 11.72327699 14.17564608 26.19428193 31.75496205 42.01165905 47.66972620 64.14921993 83.16138562 86.37625197 106.6406954 115.3858236 138.6805744 186.4039209 224.3607127 243.4136417 263.6105935 324.5474023 324.7453679 336.7733878 357.0818677 370.9340744 406.4779443 423.3017768 470.3163587 484.3918493 495.7693391 512.1159917 534.1454570 554.6927818 561.4145063 572.6797512 593.6792455 608.7620207 616.4693750 785.7556278 826.0821384 1026.978940 1504.861967 1620.873613 1770.355819 1970.819694 2331.110712 2435.643341 2648.148770 3116.487539 3157.625575 3301.283805 3656.674665 3678.302914 3831.224448 4227.635840 4553.564350 4703.170296 4792.166033 5296.141219 5505.322076 5641.376288 5963.800474 6307.760554 6761.880550 7139.933145 9059.194685 10333.43790 12252.40732 13781.58837 15902.59318 16099.55633 16559.27043 17030.06457 18512.80302 19876.29376 20485.29137 21032.22505 21499.39534 22286.63353 23386.62126 23578.68867 26359.60876 26731.58166 27383.02155 27894.10317 28091.78822 28245.64309 29478.27230 30018.66479 30362.02373 31230.71961 32296.36562 33163.60915 33908.17400 35275.80360 35945.20210 36137.71288 36351.16406 37705.69102 38640.16569 38760.11378 40975.21973 41175.77113 42756.93878 43849.12137 44688.23840 46316.54175 47872.23955 48290.99543 48721.12928 50607.87119 52211.29958 53503.85098 54976.41217 57647.99164 58840.72333 61800.73427 62110.80253 64956.20896 67348.14121 71713.23699 77048.48768 78361.80041 80720.63673 85668.14700 93419.79693 107531.2516 112060.9280 136874.7317 162928.2893 395760.1734
