    unsorted:	 15.13734245 15.16554474 0.0001315338389 2.182964510 3.373938495 11.66651651 35.35702621 36.04161849 34.26562883 51.47001363 73.66156344 68.20042761 103.7790706 107.8482496 107.3419611 172.1889338 169.9479750 206.9085365 261.1601287 281.5011293 320.4752596 305.1689921 336.9291235 348.3002557 408.7754742 404.9553356 419.1091327 464.4231884 491.3655608 509.6150660 532.3604476 539.1715427 554.0943510 573.0737370 594.0722002 609.6825397 617.3648849 684.2970643 831.0272143 1061.899220 1145.992489 1580.696547 1630.336581 1785.077167 2002.926998 2230.301605 2843.231788 2825.599412 2610.520326 3182.164359 3357.791708 3454.439330 3705.790985 3966.694266 4502.650220 4558.821120 4751.067264 4829.338611 5389.910194 5784.145232 5894.370271 6263.605279 6416.898164 7059.145028 7364.482309 9064.870109 10333.77436 12652.08485 13211.91837 14351.81915 14840.57945 15875.11843 17228.24829 17647.80051 17870.05691 18334.76236 19911.17534 20590.66437 20791.80001 21154.35875 24232.97768 23823.34268 25875.80294 25509.74297 26394.35250 26755.70736 27395.90536 28948.86288 29247.63576 30742.51644 30567.06366 30972.82374 32490.97084 32890.15940 34354.13775 34854.14605 35291.98351 36082.96573 36742.71454 37368.19153 37688.90692 39996.94487 40150.25213 40672.92296 42975.94229 43651.33658 46205.63509 46899.80364 47685.67006 47765.64118 49179.41883 50586.21390 53019.74153 54280.61629 56074.87848 58139.00474 59627.82587 60160.44495 64593.27065 67863.62984 71187.77617 77060.78362 78074.46269 80714.63952 84633.34689 94166.24521 108585.7616 111931.7891 137075.7148 157288.0738 465857.5337
      sorted:	 0.0001315338389 2.182964510 3.373938495 11.66651651 15.13734245 15.16554474 34.26562883 35.35702621 36.04161849 51.47001363 68.20042761 73.66156344 103.7790706 107.3419611 107.8482496 169.9479750 172.1889338 206.9085365 261.1601287 281.5011293 305.1689921 320.4752596 336.9291235 348.3002557 404.9553356 408.7754742 419.1091327 464.4231884 491.3655608 509.6150660 532.3604476 539.1715427 554.0943510 573.0737370 594.0722002 609.6825397 617.3648849 684.2970643 831.0272143 1061.899220 1145.992489 1580.696547 1630.336581 1785.077167 2002.926998 2230.301605 2610.520326 2825.599412 2843.231788 3182.164359 3357.791708 3454.439330 3705.790985 3966.694266 4502.650220 4558.821120 4751.067264 4829.338611 5389.910194 5784.145232 5894.370271 6263.605279 6416.898164 7059.145028 7364.482309 9064.870109 10333.77436 12652.08485 13211.91837 14351.81915 14840.57945 15875.11843 17228.24829 17647.80051 17870.05691 18334.76236 19911.17534 20590.66437 20791.80001 21154.35875 23823.34268 24232.97768 25509.74297 25875.80294 26394.35250 26755.70736 27395.90536 28948.86288 29247.63576 30567.06366 30742.51644 30972.82374 32490.97084 32890.15940 34354.13775 34854.14605 35291.98351 36082.96573 36742.71454 37368.19153 37688.90692 39996.94487 40150.25213 40672.92296 42975.94229 43651.33658 46205.63509 46899.80364 47685.67006 47765.64118 49179.41883 50586.21390 53019.74153 54280.61629 56074.87848 58139.00474 59627.82587 60160.44495 64593.27065 67863.62984 71187.77617 77060.78362 78074.46269 80714.63952 84633.34689 94166.24521 108585.7616 111931.7891 137075.7148 157288.0738 465857.5337
