    unsorted:	 1.046546478e-05 3.513040614 1.096378197 8.345754933 5.190226215 16.04515183 18.23204561 26.67310792 55.59510443 52.48237241 41.91978088 59.19213141 101.5673464 98.81199672 104.9615168 129.6559886 182.9307447 207.5254958 243.5184324 258.1535931 286.0222772 309.0119895 328.9175098 337.4001210 343.1142569 358.3406576 370.9892613 386.2665658 429.6806861 471.0116050 494.4155870 507.2087332 529.2474386 546.5553069 564.1888636 585.9978300 600.2180716 607.8954448 614.6249170 688.9673478 989.8396228 1078.717554 1630.026512 1685.077217 1949.505738 2073.066819 2278.184741 2425.226737 2803.312002 3048.611606 3184.619720 3371.357705 3669.704163 3743.317037 4021.834932 4287.792004 4740.945368 4799.710251 4926.636738 5209.059542 5426.026149 5595.200430 6290.978721 6691.183434 6945.735394 8895.454268 10337.18985 11774.49637 13646.72642 14960.78599 15401.36124 18360.31208 19729.41615 22006.29331 23126.42248 22987.05179 23841.17095 24082.50494 26567.48463 26232.23309 27441.56262 27809.50186 28598.56176 29655.84613 30865.68605 31736.40254 32577.56030 32990.27535 34125.66629 34359.27779 34843.55638 35354.86720 35842.47253 38158.48306 38203.95268 38982.72723 39968.87482 40806.87599 41245.66883 42193.34229 42995.45803 43606.36847 44343.71912 45691.02951 46699.67353 47047.28893 49299.33878 50077.49645 50698.87585 52258.25228 53695.72307 54198.25883 55902.74643 57607.85914 59331.41482 61370.10103 63271.19105 64628.70255 67429.34639 71765.18287 73527.09531 77205.86031 79763.44744 80730.57875 86979.52956 92480.46930 104092.9054 110412.9743 130800.1586 171349.0744 242508.4277
      sorted:	 1.046546478e-05 1.096378197 3.513040614 5.190226215 8.345754933 16.04515183 18.23204561 26.67310792 41.91978088 52.48237241 55.59510443 59.19213141 98.81199672 101.5673464 104.9615168 129.6559886 182.9307447 207.5254958 243.5184324 258.1535931 286.0222772 309.0119895 328.9175098 337.4001210 343.1142569 358.3406576 370.9892613 386.2665658 429.6806861 471.0116050 494.4155870 507.2087332 529.2474386 546.5553069 564.1888636 585.9978300 600.2180716 607.8954448 614.6249170 688.9673478 989.8396228 1078.717554 1630.026512 1685.077217 1949.505738 2073.066819 2278.184741 2425.226737 2803.312002 3048.611606 3184.619720 3371.357705 3669.704163 3743.317037 4021.834932 4287.792004 4740.945368 4799.710251 4926.636738 5209.059542 5426.026149 5595.200430 6290.978721 6691.183434 6945.735394 8895.454268 10337.18985 11774.49637 13646.72642 14960.78599 15401.36124 18360.31208 19729.41615 22006.29331 22987.05179 23126.42248 23841.17095 24082.50494 26232.23309 26567.48463 27441.56262 27809.50186 28598.56176 29655.84613 30865.68605 31736.40254 32577.56030 32990.27535 34125.66629 34359.27779 34843.55638 35354.86720 35842.47253 38158.48306 38203.95268 38982.72723 39968.87482 40806.87599 41245.66883 42193.34229 42995.45803 43606.36847 44343.71912 45691.02951 46699.67353 47047.28893 49299.33878 50077.49645 50698.87585 52258.25228 53695.72307 54198.25883 55902.74643 57607.85914 59331.41482 61370.10103 63271.19105 64628.70255 67429.34639 71765.18287 73527.09531 77205.86031 79763.44744 80730.57875 86979.52956 92480.46930 104092.9054 110412.9743 130800.1586 171349.0744 242508.4277
