    unsorted:	 7.468343688e-05 1.787598100 16.63510741 16.69548952 3.672889666 10.76708431 33.04880834 35.28606266 39.93047751 52.87449088 69.43330833 70.78793487 99.22565234 116.1053450 107.5065985 185.7110386 163.5004991 199.8906370 258.8443104 294.5428608 295.8178535 316.9776184 335.9444634 346.1578367 418.4442707 417.3400719 401.5043786 461.4342898 488.8049633 507.6954051 530.9278241 549.1517341 552.9274373 572.4680078 593.5316808 609.5817642 617.2497208 751.6934674 840.0941519 1079.712545 1272.393097 1584.198775 1629.506635 1729.961578 2057.085807 2200.871809 2565.089637 2730.363513 2795.260903 3205.735937 3284.817061 3396.402187 3793.871306 3868.664055 4377.632809 4684.279242 4872.147702 4894.290398 5500.030777 5856.142233 6001.991903 6318.128594 6538.842722 7215.811137 7473.604542 9045.432781 10353.35283 12797.35008 12552.30061 13669.28429 14538.21297 15499.45372 16467.93291 17629.39840 17856.61936 18137.21138 20546.47985 19748.21569 20905.43994 21199.15099 23118.37099 24066.54286 25429.65025 25199.60291 26015.53097 26294.85353 27462.06625 28820.04805 29776.48854 30531.60029 30853.80608 31246.34910 32095.81819 32898.98732 34445.28462 34727.12918 34950.85317 36251.95805 36640.90844 37029.39923 37349.92851 39755.53447 39481.64292 40378.61410 42792.12102 43500.37073 46241.71267 46706.79666 47430.89892 47515.57107 48689.86844 50197.51320 52845.71068 53998.85164 55590.34605 57423.04896 58982.01454 59842.65204 64746.32356 68167.53884 71079.02377 77097.64451 78067.01211 80712.58782 84180.72902 94502.56776 109112.8454 111974.4265 136822.3694 155120.5476 488039.7411
      sorted:	 7.468343688e-05 1.787598100 3.672889666 10.76708431 16.63510741 16.69548952 33.04880834 35.28606266 39.93047751 52.87449088 69.43330833 70.78793487 99.22565234 107.5065985 116.1053450 163.5004991 185.7110386 199.8906370 258.8443104 294.5428608 295.8178535 316.9776184 335.9444634 346.1578367 401.5043786 417.3400719 418.4442707 461.4342898 488.8049633 507.6954051 530.9278241 549.1517341 552.9274373 572.4680078 593.5316808 609.5817642 617.2497208 751.6934674 840.0941519 1079.712545 1272.393097 1584.198775 1629.506635 1729.961578 2057.085807 2200.871809 2565.089637 2730.363513 2795.260903 3205.735937 3284.817061 3396.402187 3793.871306 3868.664055 4377.632809 4684.279242 4872.147702 4894.290398 5500.030777 5856.142233 6001.991903 6318.128594 6538.842722 7215.811137 7473.604542 9045.432781 10353.35283 12552.30061 12797.35008 13669.28429 14538.21297 15499.45372 16467.93291 17629.39840 17856.61936 18137.21138 19748.21569 20546.47985 20905.43994 21199.15099 23118.37099 24066.54286 25199.60291 25429.65025 26015.53097 26294.85353 27462.06625 28820.04805 29776.48854 30531.60029 30853.80608 31246.34910 32095.81819 32898.98732 34445.28462 34727.12918 34950.85317 36251.95805 36640.90844 37029.39923 37349.92851 39481.64292 39755.53447 40378.61410 42792.12102 43500.37073 46241.71267 46706.79666 47430.89892 47515.57107 48689.86844 50197.51320 52845.71068 53998.85164 55590.34605 57423.04896 58982.01454 59842.65204 64746.32356 68167.53884 71079.02377 77097.64451 78067.01211 80712.58782 84180.72902 94502.56776 109112.8454 111974.4265 136822.3694 155120.5476 488039.7411
