    unsorted:	 2.327323764e-05 3.084601779 2.331295041 11.12887419 10.23944234 14.71786202 24.50656882 31.12647565 43.30661489 46.96079889 63.38555460 81.83312358 85.40608630 117.6424306 106.4432379 132.4723290 189.6473066 227.6577614 235.1122983 263.5053243 324.1967304 327.6260168 336.3039830 360.9023788 359.0681378 405.0774451 424.4104743 468.3251905 471.0987263 496.2074597 512.1131340 539.9033372 534.0007904 554.4001611 572.0786894 593.1758567 608.2319163 615.9752245 770.4281078 773.2155774 1021.924292 1462.019112 1620.414709 1749.340274 2001.396029 2288.484058 2426.869862 2607.866384 3056.020294 3159.339595 3329.503073 3633.309984 3692.059956 3799.531262 4157.215396 4531.923134 4732.374621 4815.560005 5296.311136 5430.928204 5595.880933 5867.364491 6339.641725 6708.293209 7102.146236 9045.033892 10336.35533 12144.15938 13861.82395 15721.10844 16332.27381 16885.99221 17222.31462 19113.57479 19898.35464 20837.27810 21453.98589 21723.17265 22819.94208 23345.91205 24921.01274 27333.13759 27243.56051 26590.62860 27975.41474 28397.39923 28543.11251 29478.83600 30430.42584 30813.56293 32606.45469 32329.40235 33328.37942 34329.63736 35205.46064 36220.34342 36579.20800 36906.03814 37963.81684 38951.02561 39065.99473 41183.33846 41350.55361 43115.01648 44111.08300 45264.44214 46370.38085 48191.44819 48430.34416 48979.48231 50907.83379 52661.71771 53619.05728 55153.39719 57963.36860 58973.17487 62174.67382 62547.27090 65342.05852 67321.28433 71882.64605 77061.99157 78476.59151 80721.95668 85861.95711 93290.74944 107326.7334 112019.0789 136516.1041 164093.9968 373823.2713
      sorted:	 2.327323764e-05 2.331295041 3.084601779 10.23944234 11.12887419 14.71786202 24.50656882 31.12647565 43.30661489 46.96079889 63.38555460 81.83312358 85.40608630 106.4432379 117.6424306 132.4723290 189.6473066 227.6577614 235.1122983 263.5053243 324.1967304 327.6260168 336.3039830 359.0681378 360.9023788 405.0774451 424.4104743 468.3251905 471.0987263 496.2074597 512.1131340 534.0007904 539.9033372 554.4001611 572.0786894 593.1758567 608.2319163 615.9752245 770.4281078 773.2155774 1021.924292 1462.019112 1620.414709 1749.340274 2001.396029 2288.484058 2426.869862 2607.866384 3056.020294 3159.339595 3329.503073 3633.309984 3692.059956 3799.531262 4157.215396 4531.923134 4732.374621 4815.560005 5296.311136 5430.928204 5595.880933 5867.364491 6339.641725 6708.293209 7102.146236 9045.033892 10336.35533 12144.15938 13861.82395 15721.10844 16332.27381 16885.99221 17222.31462 19113.57479 19898.35464 20837.27810 21453.98589 21723.17265 22819.94208 23345.91205 24921.01274 26590.62860 27243.56051 27333.13759 27975.41474 28397.39923 28543.11251 29478.83600 30430.42584 30813.56293 32329.40235 32606.45469 33328.37942 34329.63736 35205.46064 36220.34342 36579.20800 36906.03814 37963.81684 38951.02561 39065.99473 41183.33846 41350.55361 43115.01648 44111.08300 45264.44214 46370.38085 48191.44819 48430.34416 48979.48231 50907.83379 52661.71771 53619.05728 55153.39719 57963.36860 58973.17487 62174.67382 62547.27090 65342.05852 67321.28433 71882.64605 77061.99157 78476.59151 80721.95668 85861.95711 93290.74944 107326.7334 112019.0789 136516.1041 164093.9968 373823.2713
