    unsorted:	 2.134207080e-05 3.464311872 1.313057851 8.710804379 6.011179691 17.25076228 17.64329588 27.48873206 42.66962815 50.98065334 59.91622575 59.81029270 105.8489966 105.2282136 96.56612504 127.9333951 191.7633510 204.8622227 241.6881925 259.4678573 299.9165476 312.8632637 330.9430921 337.1113286 367.9455520 369.1880826 390.0383748 390.5249927 429.1936324 471.7504442 495.3552147 508.7041429 530.6921991 548.6464311 566.1351391 587.8107877 602.4807135 610.2713938 621.8120650 702.7607620 999.6281958 1145.760941 1627.227263 1697.512253 1998.240388 2107.372732 2253.158657 2512.403676 2781.212556 3227.978432 3116.180400 3361.645119 3719.622603 3768.129598 4013.063065 4326.952763 4781.695504 4836.379991 4991.610859 5251.903618 5463.907265 5562.028186 6353.907291 6647.986481 6953.624847 8926.550326 10345.28459 11820.61744 13783.88119 15031.43085 15529.90926 18193.37699 19686.21704 22824.97718 22549.61045 23000.35288 21641.15363 23452.66641 25359.87256 27066.24593 26372.76120 27589.84610 27903.60378 29409.98032 30449.07622 30654.75287 31742.80284 32472.09696 33225.46880 34428.31852 34549.49721 34036.06020 35125.53811 37590.77308 37818.17088 37972.91687 39533.66347 40434.99189 40676.06340 41750.44068 42124.27578 42666.30626 43796.84087 45016.50206 45480.05853 46857.40009 49275.20531 49144.51521 50191.24440 51760.79431 52847.80674 54077.11476 55498.53996 56995.66384 58921.47815 60894.20007 63227.80444 64266.87656 67326.19520 70395.19959 73171.54885 77220.35805 79486.92246 80729.07443 86796.63385 92756.75213 106217.2660 111525.4964 133121.3912 170123.5746 278427.6028
      sorted:	 2.134207080e-05 1.313057851 3.464311872 6.011179691 8.710804379 17.25076228 17.64329588 27.48873206 42.66962815 50.98065334 59.81029270 59.91622575 96.56612504 105.2282136 105.8489966 127.9333951 191.7633510 204.8622227 241.6881925 259.4678573 299.9165476 312.8632637 330.9430921 337.1113286 367.9455520 369.1880826 390.0383748 390.5249927 429.1936324 471.7504442 495.3552147 508.7041429 530.6921991 548.6464311 566.1351391 587.8107877 602.4807135 610.2713938 621.8120650 702.7607620 999.6281958 1145.760941 1627.227263 1697.512253 1998.240388 2107.372732 2253.158657 2512.403676 2781.212556 3116.180400 3227.978432 3361.645119 3719.622603 3768.129598 4013.063065 4326.952763 4781.695504 4836.379991 4991.610859 5251.903618 5463.907265 5562.028186 6353.907291 6647.986481 6953.624847 8926.550326 10345.28459 11820.61744 13783.88119 15031.43085 15529.90926 18193.37699 19686.21704 21641.15363 22549.61045 22824.97718 23000.35288 23452.66641 25359.87256 26372.76120 27066.24593 27589.84610 27903.60378 29409.98032 30449.07622 30654.75287 31742.80284 32472.09696 33225.46880 34036.06020 34428.31852 34549.49721 35125.53811 37590.77308 37818.17088 37972.91687 39533.66347 40434.99189 40676.06340 41750.44068 42124.27578 42666.30626 43796.84087 45016.50206 45480.05853 46857.40009 49144.51521 49275.20531 50191.24440 51760.79431 52847.80674 54077.11476 55498.53996 56995.66384 58921.47815 60894.20007 63227.80444 64266.87656 67326.19520 70395.19959 73171.54885 77220.35805 79486.92246 80729.07443 86796.63385 92756.75213 106217.2660 111525.4964 133121.3912 170123.5746 278427.6028
