    unsorted:	 1.610005865e-05 12.35872738 2.840559297 2.702215540 11.92059626 13.64874169 27.95992135 32.34738336 40.69322118 48.42845764 64.93108692 81.16761214 90.69614278 113.0988585 106.8194906 145.1156763 183.1319034 220.9665378 251.5293113 263.5026866 324.6295202 321.2664266 337.1042933 355.1294012 380.1691371 407.2977715 422.2680562 498.8832209 495.1532467 469.3809370 511.9310281 534.0589639 554.9347575 572.8981072 582.6281844 594.0722477 609.1888232 616.8408669 797.2901022 886.5729046 1032.643089 1536.508963 1622.240420 1796.678631 1942.606311 2355.313665 2434.613706 2721.940790 3177.865258 3076.643745 3323.676865 3626.240503 3663.808062 3901.249566 4298.744219 4562.752406 4680.988100 4772.869335 5298.540749 5576.996746 5687.661063 6059.381529 6285.429250 6815.597116 7179.724476 9068.964006 10330.41222 12378.04482 13637.23628 15505.02438 16158.48960 16589.10038 16955.31849 17851.61695 19724.05628 20282.01913 20692.59642 21298.08423 21772.00313 22348.49265 23465.63468 27419.27611 27400.84096 26079.78353 26344.64986 27940.54757 28257.26242 29195.52560 29491.40993 30020.52028 30735.01819 32003.49356 33055.16418 33614.28919 35743.02091 35592.52949 35212.15799 36126.47271 38512.31489 37471.65368 38335.17548 40767.31990 41014.40952 42296.61893 43597.05729 44309.41362 46270.29234 47602.08098 48157.43214 48496.45891 50310.20036 51801.53941 53398.49186 54819.47038 57314.02856 58741.22215 61388.30924 61637.46163 64718.97132 67408.27269 71568.74777 77039.93833 78266.78218 80719.35201 85470.61952 93554.13921 107702.6365 112016.2562 137034.9864 161774.2667 411314.0562
      sorted:	 1.610005865e-05 2.702215540 2.840559297 11.92059626 12.35872738 13.64874169 27.95992135 32.34738336 40.69322118 48.42845764 64.93108692 81.16761214 90.69614278 106.8194906 113.0988585 145.1156763 183.1319034 220.9665378 251.5293113 263.5026866 321.2664266 324.6295202 337.1042933 355.1294012 380.1691371 407.2977715 422.2680562 469.3809370 495.1532467 498.8832209 511.9310281 534.0589639 554.9347575 572.8981072 582.6281844 594.0722477 609.1888232 616.8408669 797.2901022 886.5729046 1032.643089 1536.508963 1622.240420 1796.678631 1942.606311 2355.313665 2434.613706 2721.940790 3076.643745 3177.865258 3323.676865 3626.240503 3663.808062 3901.249566 4298.744219 4562.752406 4680.988100 4772.869335 5298.540749 5576.996746 5687.661063 6059.381529 6285.429250 6815.597116 7179.724476 9068.964006 10330.41222 12378.04482 13637.23628 15505.02438 16158.48960 16589.10038 16955.31849 17851.61695 19724.05628 20282.01913 20692.59642 21298.08423 21772.00313 22348.49265 23465.63468 26079.78353 26344.64986 27400.84096 27419.27611 27940.54757 28257.26242 29195.52560 29491.40993 30020.52028 30735.01819 32003.49356 33055.16418 33614.28919 35212.15799 35592.52949 35743.02091 36126.47271 37471.65368 38335.17548 38512.31489 40767.31990 41014.40952 42296.61893 43597.05729 44309.41362 46270.29234 47602.08098 48157.43214 48496.45891 50310.20036 51801.53941 53398.49186 54819.47038 57314.02856 58741.22215 61388.30924 61637.46163 64718.97132 67408.27269 71568.74777 77039.93833 78266.78218 80719.35201 85470.61952 93554.13921 107702.6365 112016.2562 137034.9864 161774.2667 411314.0562
