    unsorted:	 8.777227146e-06 3.556978529 0.8759565885 4.385737869 8.022947314 14.88461260 18.83502958 25.83171219 51.39299866 54.00731593 41.14694258 58.54437515 97.24533497 101.3724616 104.7287580 131.2144254 174.0718168 209.9922676 244.5843406 257.0365653 271.6437376 304.7013025 314.4924123 326.4703269 331.6180482 337.7473933 372.5681493 381.6561645 429.9258037 469.8941591 493.1657819 505.3953612 527.4895756 544.0754733 561.9388454 583.8569274 597.2740039 604.8666614 609.7222809 676.0381040 960.8377999 1030.389775 1633.260942 1666.452196 1906.672987 2033.902995 2307.703893 2346.950207 2792.906985 3017.200761 3139.551242 3375.266085 3616.290587 3707.135734 4026.390994 4251.801590 4682.474630 4743.642128 4878.117897 5160.512489 5395.070440 5638.221710 6226.616549 6717.438357 6958.459622 8859.952248 10308.19005 11714.74396 13319.88978 14913.07370 15293.43336 18482.73792 19804.65775 22328.16699 22967.07833 23509.27307 24319.08369 25535.15850 26094.93095 27460.13497 27888.45315 28001.25843 29744.36517 29966.41159 31114.09429 33486.92324 33421.18840 33046.43040 34609.17649 35047.71034 35296.74802 35817.71769 36918.25485 38550.74564 38568.51477 40641.70528 40099.72606 41202.99892 41900.50845 42382.76899 43351.27675 44696.81973 45144.99327 46071.71819 47180.61927 48450.09110 49456.92905 50742.38951 51588.71757 52587.45086 54270.03918 54701.84154 56234.61922 57790.58035 59955.72802 61518.80852 63284.92178 65071.16374 67461.12920 73115.31483 73968.01988 76902.10760 79968.23190 80732.03160 87143.24682 90648.28035 97259.50501 109432.4124 127668.9420 172544.3276 204896.5492
      sorted:	 8.777227146e-06 0.8759565885 3.556978529 4.385737869 8.022947314 14.88461260 18.83502958 25.83171219 41.14694258 51.39299866 54.00731593 58.54437515 97.24533497 101.3724616 104.7287580 131.2144254 174.0718168 209.9922676 244.5843406 257.0365653 271.6437376 304.7013025 314.4924123 326.4703269 331.6180482 337.7473933 372.5681493 381.6561645 429.9258037 469.8941591 493.1657819 505.3953612 527.4895756 544.0754733 561.9388454 583.8569274 597.2740039 604.8666614 609.7222809 676.0381040 960.8377999 1030.389775 1633.260942 1666.452196 1906.672987 2033.902995 2307.703893 2346.950207 2792.906985 3017.200761 3139.551242 3375.266085 3616.290587 3707.135734 4026.390994 4251.801590 4682.474630 4743.642128 4878.117897 5160.512489 5395.070440 5638.221710 6226.616549 6717.438357 6958.459622 8859.952248 10308.19005 11714.74396 13319.88978 14913.07370 15293.43336 18482.73792 19804.65775 22328.16699 22967.07833 23509.27307 24319.08369 25535.15850 26094.93095 27460.13497 27888.45315 28001.25843 29744.36517 29966.41159 31114.09429 33046.43040 33421.18840 33486.92324 34609.17649 35047.71034 35296.74802 35817.71769 36918.25485 38550.74564 38568.51477 40099.72606 40641.70528 41202.99892 41900.50845 42382.76899 43351.27675 44696.81973 45144.99327 46071.71819 47180.61927 48450.09110 49456.92905 50742.38951 51588.71757 52587.45086 54270.03918 54701.84154 56234.61922 57790.58035 59955.72802 61518.80852 63284.92178 65071.16374 67461.12920 73115.31483 73968.01988 76902.10760 79968.23190 80732.03160 87143.24682 90648.28035 97259.50501 109432.4124 127668.9420 172544.3276 204896.5492
