    unsorted:	 684.4245081 684.6249269 684.8028489 684.9444844 685.0541505 684.2268597 683.9445032 683.5300688 685.5367077 682.9748094 678.9434363 676.9139064 674.7432778 671.9057978 668.4022530 664.1432064 658.7765176 652.5727678 644.6384627 637.7889061 630.6408793 622.4395500 614.0828099 602.2153472 726.3367518 589.2607480 576.1705938 561.8494083 537.2238592 783.6812762 510.4843171 478.1757028 449.0255120 435.4167937 847.9377270 404.3266315 353.9962399 344.0573088 1004.177354 279.5438085 233.6597263 1221.048660 1263.816304 1369.482594 1449.402165 1470.836493 1489.621197 1582.073888 123.3270784 1635.901833 1662.212145 1711.114713 84.89890130 42.26809225 1825.238813 1868.348432 1945.611686 2058.405221 2223.044666 2281.768869 2354.715208 2391.014412 2597.917758 2779.764265 2840.571046 2951.481141 3000.911306 3121.581769 3260.635134 3385.495859 3584.975113 3685.173312 3713.273137 7672.700785 34862.28937 35126.82653 34708.37976 35359.04070 34177.96954 36198.85241 36541.29363 36689.21886 33580.23536 32710.37847 31975.41191 31894.86119 39840.58198 39937.31172 39283.76356 40634.15987 41000.69708 41372.17270 41500.65443 42528.81048 43175.19361 43361.65062 30459.95865 28662.48287 28222.61013 45092.57883 45506.29170 27357.99506 47298.60742 47372.58157 49520.58419 52417.99812 53954.10603 54665.61159 56065.23894 59434.30881 61662.78690 64557.44410 67607.00045 71714.33727 76316.32261 80621.61428 81909.68107 83568.02649 84006.58094 87020.09176 91842.27351 93830.77897 96880.98251 105226.5698 105193.5115 105774.7954 106284.5539 102312.4136 108152.5940 116588.3103 122001.3984 132734.2559 139592.5440 177677.0910 2.479800101e-06 2.479800101e-06
      sorted:	 2.479800101e-06 2.479800101e-06 42.26809225 84.89890130 123.3270784 233.6597263 279.5438085 344.0573088 353.9962399 404.3266315 435.4167937 449.0255120 478.1757028 510.4843171 537.2238592 561.8494083 576.1705938 589.2607480 602.2153472 614.0828099 622.4395500 630.6408793 637.7889061 644.6384627 652.5727678 658.7765176 664.1432064 668.4022530 671.9057978 674.7432778 676.9139064 678.9434363 682.9748094 683.5300688 683.9445032 684.2268597 684.4245081 684.6249269 684.8028489 684.9444844 685.0541505 685.5367077 726.3367518 783.6812762 847.9377270 1004.177354 1221.048660 1263.816304 1369.482594 1449.402165 1470.836493 1489.621197 1582.073888 1635.901833 1662.212145 1711.114713 1825.238813 1868.348432 1945.611686 2058.405221 2223.044666 2281.768869 2354.715208 2391.014412 2597.917758 2779.764265 2840.571046 2951.481141 3000.911306 3121.581769 3260.635134 3385.495859 3584.975113 3685.173312 3713.273137 7672.700785 27357.99506 28222.61013 28662.48287 30459.95865 31894.86119 31975.41191 32710.37847 33580.23536 34177.96954 34708.37976 34862.28937 35126.82653 35359.04070 36198.85241 36541.29363 36689.21886 39283.76356 39840.58198 39937.31172 40634.15987 41000.69708 41372.17270 41500.65443 42528.81048 43175.19361 43361.65062 45092.57883 45506.29170 47298.60742 47372.58157 49520.58419 52417.99812 53954.10603 54665.61159 56065.23894 59434.30881 61662.78690 64557.44410 67607.00045 71714.33727 76316.32261 80621.61428 81909.68107 83568.02649 84006.58094 87020.09176 91842.27351 93830.77897 96880.98251 102312.4136 105193.5115 105226.5698 105774.7954 106284.5539 108152.5940 116588.3103 122001.3984 132734.2559 139592.5440 177677.0910
