    unsorted:	 684.4585444 684.6519102 684.8235385 684.9601718 685.0659641 684.2676382 683.9951581 683.5953762 685.6939648 683.0598035 679.2127211 677.2221303 675.1148369 672.3550951 668.9445198 664.8053895 659.5942915 653.5597278 645.9000096 639.1465927 632.0503575 623.7879555 615.8113408 604.2585880 730.3098649 591.5762507 578.8084375 565.0481913 542.0911335 515.2244298 811.3774152 482.0270134 455.0034765 443.9381117 845.3079365 412.1719443 361.2220482 349.4614773 986.5437037 286.3220643 236.4848105 1221.218824 1265.977667 1331.393077 121.1892644 1452.595519 1492.572317 1543.973088 1563.319364 1604.586622 1661.508352 74.87449612 35.15526095 1744.084673 1847.224650 1916.853154 2036.906144 2233.001653 2237.967638 2345.486696 2416.788835 2569.895839 2765.044638 2854.846247 2956.111192 3001.356582 3221.547965 3354.045525 3481.005538 3653.445539 3668.787737 7778.314273 36210.62698 35874.76086 35129.69887 34750.54484 34406.94580 33722.35930 36728.05827 33402.52829 31939.89296 31851.03354 32304.47730 37995.73879 39495.76733 39910.06969 40316.60010 40589.92514 41078.27386 41557.93886 42148.25626 42723.60222 30335.11627 43247.23429 28357.32166 28082.89843 27154.25701 44930.10675 45224.46278 47018.63651 48589.41445 52810.53149 52363.57571 54263.67957 56025.67392 58224.18016 60480.05884 64600.90621 64712.65744 70894.57124 76399.16196 80323.96432 81957.08086 83476.24192 86499.84391 86955.13838 88980.32170 93838.76856 96792.27300 105186.8535 105148.8616 105735.0592 106249.5600 102321.5953 108109.0435 116467.7217 120141.1251 131002.6865 139064.6990 177636.6769 2.479800101e-06 2.479800101e-06
      sorted:	 2.479800101e-06 2.479800101e-06 35.15526095 74.87449612 121.1892644 236.4848105 286.3220643 349.4614773 361.2220482 412.1719443 443.9381117 455.0034765 482.0270134 515.2244298 542.0911335 565.0481913 578.8084375 591.5762507 604.2585880 615.8113408 623.7879555 632.0503575 639.1465927 645.9000096 653.5597278 659.5942915 664.8053895 668.9445198 672.3550951 675.1148369 677.2221303 679.2127211 683.0598035 683.5953762 683.9951581 684.2676382 684.4585444 684.6519102 684.8235385 684.9601718 685.0659641 685.6939648 730.3098649 811.3774152 845.3079365 986.5437037 1221.218824 1265.977667 1331.393077 1452.595519 1492.572317 1543.973088 1563.319364 1604.586622 1661.508352 1744.084673 1847.224650 1916.853154 2036.906144 2233.001653 2237.967638 2345.486696 2416.788835 2569.895839 2765.044638 2854.846247 2956.111192 3001.356582 3221.547965 3354.045525 3481.005538 3653.445539 3668.787737 7778.314273 27154.25701 28082.89843 28357.32166 30335.11627 31851.03354 31939.89296 32304.47730 33402.52829 33722.35930 34406.94580 34750.54484 35129.69887 35874.76086 36210.62698 36728.05827 37995.73879 39495.76733 39910.06969 40316.60010 40589.92514 41078.27386 41557.93886 42148.25626 42723.60222 43247.23429 44930.10675 45224.46278 47018.63651 48589.41445 52363.57571 52810.53149 54263.67957 56025.67392 58224.18016 60480.05884 64600.90621 64712.65744 70894.57124 76399.16196 80323.96432 81957.08086 83476.24192 86499.84391 86955.13838 88980.32170 93838.76856 96792.27300 102321.5953 105148.8616 105186.8535 105735.0592 106249.5600 108109.0435 116467.7217 120141.1251 131002.6865 139064.6990 177636.6769
