    unsorted:	 684.4369692 684.6347821 684.8104080 684.9502182 685.0584728 684.2419200 683.9631987 685.4599202 683.5540914 683.0059584 678.8984640 676.8583658 674.7084085 671.9039193 668.4273957 664.1997597 658.8666519 652.7090474 644.8349777 638.0268223 630.6971024 622.0472376 613.8552285 723.4793157 602.0620744 731.4357962 589.1397296 576.2632946 562.3222016 774.5469037 538.0044423 511.1796319 478.5431984 449.4930243 432.8581900 404.8397943 355.1467123 344.7981768 1022.456052 280.0521118 234.6322943 1228.372839 1272.598646 1391.544031 1479.048138 1485.968885 1494.587884 1601.898468 1665.773012 1676.238487 1735.462686 124.8321265 90.88858672 1825.839815 47.83085688 1905.972245 1957.293346 2070.040449 2221.420692 2242.950135 2341.876932 2396.676067 2466.885163 2584.607266 2798.358324 2890.457199 2971.890131 3002.883610 3132.003722 3230.953536 3358.102834 3571.238124 3642.095235 3698.765797 7668.965442 33946.45073 33729.45441 33448.07847 34746.25702 35078.11715 35347.53083 36009.56057 36391.16955 36590.04185 32676.91839 32027.69799 31852.71715 38511.52457 39362.72743 39967.90332 40832.50328 40918.49544 40543.25049 41340.55353 42303.03106 42529.59527 43297.12702 30432.97878 44374.63569 28405.21532 28005.29352 27139.64431 45399.03292 45602.62615 47383.47831 48866.46929 52196.20244 52493.16418 54343.80180 56049.06060 56714.13174 59559.30608 62634.47806 64598.84080 69828.40727 71998.94058 76355.25200 82175.62916 81962.08371 80878.82852 84439.15453 87110.39600 93114.22552 94011.31091 97094.35115 105236.1940 105203.3896 105785.3654 106296.7882 102335.1145 108168.7028 116622.4444 122676.4652 133429.4712 140155.7144 177749.7495 2.479800101e-06 2.479800101e-06
      sorted:	 2.479800101e-06 2.479800101e-06 47.83085688 90.88858672 124.8321265 234.6322943 280.0521118 344.7981768 355.1467123 404.8397943 432.8581900 449.4930243 478.5431984 511.1796319 538.0044423 562.3222016 576.2632946 589.1397296 602.0620744 613.8552285 622.0472376 630.6971024 638.0268223 644.8349777 652.7090474 658.8666519 664.1997597 668.4273957 671.9039193 674.7084085 676.8583658 678.8984640 683.0059584 683.5540914 683.9631987 684.2419200 684.4369692 684.6347821 684.8104080 684.9502182 685.0584728 685.4599202 723.4793157 731.4357962 774.5469037 1022.456052 1228.372839 1272.598646 1391.544031 1479.048138 1485.968885 1494.587884 1601.898468 1665.773012 1676.238487 1735.462686 1825.839815 1905.972245 1957.293346 2070.040449 2221.420692 2242.950135 2341.876932 2396.676067 2466.885163 2584.607266 2798.358324 2890.457199 2971.890131 3002.883610 3132.003722 3230.953536 3358.102834 3571.238124 3642.095235 3698.765797 7668.965442 27139.64431 28005.29352 28405.21532 30432.97878 31852.71715 32027.69799 32676.91839 33448.07847 33729.45441 33946.45073 34746.25702 35078.11715 35347.53083 36009.56057 36391.16955 36590.04185 38511.52457 39362.72743 39967.90332 40543.25049 40832.50328 40918.49544 41340.55353 42303.03106 42529.59527 43297.12702 44374.63569 45399.03292 45602.62615 47383.47831 48866.46929 52196.20244 52493.16418 54343.80180 56049.06060 56714.13174 59559.30608 62634.47806 64598.84080 69828.40727 71998.94058 76355.25200 80878.82852 81962.08371 82175.62916 84439.15453 87110.39600 93114.22552 94011.31091 97094.35115 102335.1145 105203.3896 105236.1940 105785.3654 106296.7882 108168.7028 116622.4444 122676.4652 133429.4712 140155.7144 177749.7495
