    unsorted:	 684.4141585 684.6167529 684.7965763 684.9397224 685.0505567 684.2143266 683.9289777 683.5101522 685.7291893 682.9490079 679.0125775 676.9929473 674.7930530 671.9274212 668.4024133 664.1220272 658.7366045 652.5062007 644.5412907 637.6287269 630.4621840 622.2669630 613.7309311 722.4842749 601.7939878 588.7832742 575.6020356 561.1844215 536.6286028 509.9291745 800.0972417 477.9300409 449.0883794 439.4173251 404.4735462 903.5680292 353.5901070 343.5981355 984.7797087 279.6073483 232.9233890 1218.210888 1257.154195 1334.556717 1442.092481 1466.393159 1485.206511 1556.199928 1606.673557 121.8563568 1649.385914 79.29626107 1697.850199 39.85098896 1807.757638 1886.497358 2024.168231 2119.190829 2227.106524 2318.351344 2357.911015 2468.215100 2608.541255 2826.015596 2949.133069 3018.215798 3091.770717 3265.275160 3390.679348 3568.057411 3716.810964 3701.987840 36513.79194 36197.87638 36791.34466 35421.76386 35053.38413 34616.62924 34244.89885 34198.30528 33510.95593 32573.24441 31956.61963 31836.12200 39104.05585 39771.04225 40573.09990 40925.16555 41207.49263 41430.54514 42201.02530 42399.82300 43283.82237 30393.13344 28733.34203 44202.68372 28297.22757 45378.45233 45578.70113 27396.03179 47243.23131 7817.044577 48973.25654 52382.06609 53442.42422 54526.98595 56022.27004 59130.64099 60948.49664 64523.77212 66006.08709 71289.11596 76284.12411 80435.82881 81868.81974 85004.18773 83735.91672 86950.53631 90499.09126 93779.63867 96803.18626 105212.7573 105179.1172 105759.7657 106267.9967 102287.6155 108131.1658 116541.0183 121188.6702 131962.5745 139176.5845 177621.7611 2.479800101e-06 2.479800101e-06
      sorted:	 2.479800101e-06 2.479800101e-06 39.85098896 79.29626107 121.8563568 232.9233890 279.6073483 343.5981355 353.5901070 404.4735462 439.4173251 449.0883794 477.9300409 509.9291745 536.6286028 561.1844215 575.6020356 588.7832742 601.7939878 613.7309311 622.2669630 630.4621840 637.6287269 644.5412907 652.5062007 658.7366045 664.1220272 668.4024133 671.9274212 674.7930530 676.9929473 679.0125775 682.9490079 683.5101522 683.9289777 684.2143266 684.4141585 684.6167529 684.7965763 684.9397224 685.0505567 685.7291893 722.4842749 800.0972417 903.5680292 984.7797087 1218.210888 1257.154195 1334.556717 1442.092481 1466.393159 1485.206511 1556.199928 1606.673557 1649.385914 1697.850199 1807.757638 1886.497358 2024.168231 2119.190829 2227.106524 2318.351344 2357.911015 2468.215100 2608.541255 2826.015596 2949.133069 3018.215798 3091.770717 3265.275160 3390.679348 3568.057411 3701.987840 3716.810964 7817.044577 27396.03179 28297.22757 28733.34203 30393.13344 31836.12200 31956.61963 32573.24441 33510.95593 34198.30528 34244.89885 34616.62924 35053.38413 35421.76386 36197.87638 36513.79194 36791.34466 39104.05585 39771.04225 40573.09990 40925.16555 41207.49263 41430.54514 42201.02530 42399.82300 43283.82237 44202.68372 45378.45233 45578.70113 47243.23131 48973.25654 52382.06609 53442.42422 54526.98595 56022.27004 59130.64099 60948.49664 64523.77212 66006.08709 71289.11596 76284.12411 80435.82881 81868.81974 83735.91672 85004.18773 86950.53631 90499.09126 93779.63867 96803.18626 102287.6155 105179.1172 105212.7573 105759.7657 106267.9967 108131.1658 116541.0183 121188.6702 131962.5745 139176.5845 177621.7611
