    unsorted:	 -9.380378155e-14 685.3868735 685.3868820 773.1738812 789.6656586 758.8657367 746.5695023 808.6161884 830.1027656 854.2224016 880.9570025 910.6319897 933.7980068 949.5057301 706.0842202 985.3849334 1026.355375 1068.172112 1046.374501 1082.594882 1109.303987 1133.430062 1149.892126 1168.171254 1177.498851 651.5658741 634.9087247 1232.137748 601.9983084 1270.126831 527.6117818 508.1686220 4.374006642e-06 0.003288747109 1564.255373 1647.559295 245.4443880 100.0054470 72.71334115 69.59521068 49.89951939 32.05841923 1752.958061 1902.441442 1940.276635 2032.129577 2195.570446 2231.282498 2406.732595 2521.964374 2576.207858 2757.129371 2966.847089 3000.185431 3077.343269 3341.511839 3447.919839 3798.294807 3948.062739 4312.911516 4400.021977 4426.632443 4670.307450 4874.860003 4952.553986 5055.799237 5223.383781 5553.384732 6893.253357 7156.203489 11930.63185 15097.22397 16046.24668 16944.78183 18942.49906 20488.40758 20777.96315 24695.99303 25584.52739 26004.36629 30116.67463 29858.88506 31097.99712 32275.77968 33722.28574 34457.22283 34963.05092 35381.61992 35581.77729 38566.14126 42873.03568 48267.91751 49728.01272 52193.59546 58825.22175 57521.65977 62300.51059 102885.5695 102885.3264 103007.3964 103332.2087 103464.5224 102533.2569 102142.1101 101657.7257 100913.6481 100784.4218 100244.5259 100094.8570 99909.43473 104584.9336 104603.0616 105322.2612 105770.3021 82094.40251 82593.35051 80625.57022 79013.16172 84443.82670 76355.45370 87401.91792 88334.57700 93625.49164 68656.28406 107667.4909 109247.1436 117562.6543 121403.1621 128130.2490 152498.3235 167758.8489 199442.0869 548590.3501
      sorted:	 -9.380378155e-14 4.374006642e-06 0.003288747109 32.05841923 49.89951939 69.59521068 72.71334115 100.0054470 245.4443880 508.1686220 527.6117818 601.9983084 634.9087247 651.5658741 685.3868735 685.3868820 706.0842202 746.5695023 758.8657367 773.1738812 789.6656586 808.6161884 830.1027656 854.2224016 880.9570025 910.6319897 933.7980068 949.5057301 985.3849334 1026.355375 1046.374501 1068.172112 1082.594882 1109.303987 1133.430062 1149.892126 1168.171254 1177.498851 1232.137748 1270.126831 1564.255373 1647.559295 1752.958061 1902.441442 1940.276635 2032.129577 2195.570446 2231.282498 2406.732595 2521.964374 2576.207858 2757.129371 2966.847089 3000.185431 3077.343269 3341.511839 3447.919839 3798.294807 3948.062739 4312.911516 4400.021977 4426.632443 4670.307450 4874.860003 4952.553986 5055.799237 5223.383781 5553.384732 6893.253357 7156.203489 11930.63185 15097.22397 16046.24668 16944.78183 18942.49906 20488.40758 20777.96315 24695.99303 25584.52739 26004.36629 29858.88506 30116.67463 31097.99712 32275.77968 33722.28574 34457.22283 34963.05092 35381.61992 35581.77729 38566.14126 42873.03568 48267.91751 49728.01272 52193.59546 57521.65977 58825.22175 62300.51059 68656.28406 76355.45370 79013.16172 80625.57022 82094.40251 82593.35051 84443.82670 87401.91792 88334.57700 93625.49164 99909.43473 100094.8570 100244.5259 100784.4218 100913.6481 101657.7257 102142.1101 102533.2569 102885.3264 102885.5695 103007.3964 103332.2087 103464.5224 104584.9336 104603.0616 105322.2612 105770.3021 107667.4909 109247.1436 117562.6543 121403.1621 128130.2490 152498.3235 167758.8489 199442.0869 548590.3501
