    unsorted:	 1.278976924e-13 685.3857614 685.3857614 -7.928111683e-07 2.936086034e-06 766.3921092 753.1339325 781.7309270 799.3345019 819.4429431 720.9016469 713.7842976 842.0420935 867.1213512 894.2432133 920.8895743 939.4909470 966.3516637 986.2217312 1008.191056 1048.762462 1073.201505 1090.318746 1134.816134 1126.750290 1167.218023 1180.601853 1199.934598 1208.368122 637.3857490 606.6032413 512.7113864 1392.276496 1448.865140 1524.585649 65.64501416 76.30490259 55.88018064 46.35813789 97.51836047 241.2877302 1695.174042 1817.130925 2002.434088 2183.562921 2252.685176 2274.221087 2372.804785 2434.835730 2679.507406 2843.488404 3049.349135 3037.707604 3216.351496 3261.897670 3344.794274 3639.461178 3658.421134 3716.808951 4195.500770 4216.815161 4418.149703 4517.377274 4600.054601 4669.981681 5144.244435 5613.485303 5845.138143 6073.833952 12294.76117 24388.39193 24157.92252 24006.20677 25329.24116 22518.07491 21671.95027 26215.14175 19686.61755 29609.54375 29126.20863 30477.32258 31415.11462 32544.06873 35353.71106 37600.90397 38700.25456 39404.07709 40364.36228 41247.87934 42564.50411 51529.93761 50484.45596 55882.32021 56578.13974 59331.14359 63775.23130 66052.64196 102852.1892 102855.8954 102917.0613 103193.0708 102614.8411 103368.6188 102070.0478 101545.8076 100817.3149 100592.5761 100123.8249 100033.0068 99653.14689 104478.8727 104569.6545 105238.6109 105608.8786 94801.58013 93353.17615 80638.64258 82262.55822 82622.98203 78835.36312 84180.77844 77392.77271 75984.39011 88014.97759 70237.76295 108485.5233 117367.2081 121129.9549 124108.3632 143340.2076 161073.8191 222395.1078 526757.5879
      sorted:	 -7.928111683e-07 1.278976924e-13 2.936086034e-06 46.35813789 55.88018064 65.64501416 76.30490259 97.51836047 241.2877302 512.7113864 606.6032413 637.3857490 685.3857614 685.3857614 713.7842976 720.9016469 753.1339325 766.3921092 781.7309270 799.3345019 819.4429431 842.0420935 867.1213512 894.2432133 920.8895743 939.4909470 966.3516637 986.2217312 1008.191056 1048.762462 1073.201505 1090.318746 1126.750290 1134.816134 1167.218023 1180.601853 1199.934598 1208.368122 1392.276496 1448.865140 1524.585649 1695.174042 1817.130925 2002.434088 2183.562921 2252.685176 2274.221087 2372.804785 2434.835730 2679.507406 2843.488404 3037.707604 3049.349135 3216.351496 3261.897670 3344.794274 3639.461178 3658.421134 3716.808951 4195.500770 4216.815161 4418.149703 4517.377274 4600.054601 4669.981681 5144.244435 5613.485303 5845.138143 6073.833952 12294.76117 19686.61755 21671.95027 22518.07491 24006.20677 24157.92252 24388.39193 25329.24116 26215.14175 29126.20863 29609.54375 30477.32258 31415.11462 32544.06873 35353.71106 37600.90397 38700.25456 39404.07709 40364.36228 41247.87934 42564.50411 50484.45596 51529.93761 55882.32021 56578.13974 59331.14359 63775.23130 66052.64196 70237.76295 75984.39011 77392.77271 78835.36312 80638.64258 82262.55822 82622.98203 84180.77844 88014.97759 93353.17615 94801.58013 99653.14689 100033.0068 100123.8249 100592.5761 100817.3149 101545.8076 102070.0478 102614.8411 102852.1892 102855.8954 102917.0613 103193.0708 103368.6188 104478.8727 104569.6545 105238.6109 105608.8786 108485.5233 117367.2081 121129.9549 124108.3632 143340.2076 161073.8191 222395.1078 526757.5879
