    unsorted:	 685.3885840 685.3885845 779.0786395 764.0607534 796.3384106 751.1072500 816.0916991 838.3617588 863.1998874 718.6949312 710.7896727 890.4710913 919.9897253 946.2585056 967.5689951 1001.221558 1041.848381 1115.990206 1120.243607 1126.786471 1082.853461 1158.123763 1171.860694 1191.513708 1200.189512 1208.180375 661.2403286 624.0331161 544.1595269 1404.974320 1450.465437 1566.557597 296.9407962 240.9796640 1.804896794e-05 0.3880741678 2.790756260 65.69855660 75.35001897 94.08345548 47.67134618 1726.013872 1868.428098 2031.686583 2212.323860 2324.194041 2391.357046 2477.539112 2655.979256 2750.946466 2997.404862 3162.739520 3179.002947 3310.842148 3424.334237 3520.548411 3719.177859 3765.758002 3883.845131 4274.856673 4343.335774 4502.002850 4601.893972 4786.354265 5158.497455 5303.231544 5768.764824 5961.851241 6636.576037 12975.23487 24451.65361 24226.92045 24931.30992 25239.55885 22650.41614 21586.02653 19081.92931 27539.55531 28755.53322 29350.94095 31597.69522 31577.70041 32563.70286 36002.95067 37271.15276 38338.49078 38689.75633 39308.60264 41641.57079 42078.74052 50219.50469 49483.33324 51908.88545 55136.47058 59199.27385 63392.50513 65661.44375 102859.7578 102862.6804 102936.5837 103239.5248 103381.1145 102084.3573 101575.3267 100836.2563 101269.9626 100629.7646 100151.4653 100041.2107 99663.62185 103810.1637 104510.0579 105132.3353 105566.9367 105942.6071 80646.53394 80492.25132 82371.29253 78892.49227 84253.50662 83818.06630 77956.30212 93508.35072 88294.38632 73944.40076 69383.58907 109420.5349 118673.9826 121733.9845 127018.2560 148949.2502 166338.8510 303323.2981
      sorted:	 1.804896794e-05 0.3880741678 2.790756260 47.67134618 65.69855660 75.35001897 94.08345548 240.9796640 296.9407962 544.1595269 624.0331161 661.2403286 685.3885840 685.3885845 710.7896727 718.6949312 751.1072500 764.0607534 779.0786395 796.3384106 816.0916991 838.3617588 863.1998874 890.4710913 919.9897253 946.2585056 967.5689951 1001.221558 1041.848381 1082.853461 1115.990206 1120.243607 1126.786471 1158.123763 1171.860694 1191.513708 1200.189512 1208.180375 1404.974320 1450.465437 1566.557597 1726.013872 1868.428098 2031.686583 2212.323860 2324.194041 2391.357046 2477.539112 2655.979256 2750.946466 2997.404862 3162.739520 3179.002947 3310.842148 3424.334237 3520.548411 3719.177859 3765.758002 3883.845131 4274.856673 4343.335774 4502.002850 4601.893972 4786.354265 5158.497455 5303.231544 5768.764824 5961.851241 6636.576037 12975.23487 19081.92931 21586.02653 22650.41614 24226.92045 24451.65361 24931.30992 25239.55885 27539.55531 28755.53322 29350.94095 31577.70041 31597.69522 32563.70286 36002.95067 37271.15276 38338.49078 38689.75633 39308.60264 41641.57079 42078.74052 49483.33324 50219.50469 51908.88545 55136.47058 59199.27385 63392.50513 65661.44375 69383.58907 73944.40076 77956.30212 78892.49227 80492.25132 80646.53394 82371.29253 83818.06630 84253.50662 88294.38632 93508.35072 99663.62185 100041.2107 100151.4653 100629.7646 100836.2563 101269.9626 101575.3267 102084.3573 102859.7578 102862.6804 102936.5837 103239.5248 103381.1145 103810.1637 104510.0579 105132.3353 105566.9367 105942.6071 109420.5349 118673.9826 121733.9845 127018.2560 148949.2502 166338.8510 303323.2981
