    unsorted:	 685.3866430 685.3866438 793.2483756 776.3202853 761.6143693 812.6721697 748.9568166 834.6488970 859.2763093 886.5368900 916.9132173 946.0070038 960.0832979 971.2489240 993.5368952 709.1908170 1034.640484 1076.405753 1098.810545 1117.496733 1145.526051 1158.798745 1177.914504 1186.996668 1207.515730 647.4569920 628.1946342 1288.093188 560.3387774 530.2866465 468.0365130 3.348327482e-08 0.0001281317133 0.04072430992 1425.413591 246.5039497 100.5016161 72.14585810 69.01962427 49.54023504 31.43492679 1672.181276 1736.488829 1898.946899 1960.992098 2015.467091 2176.366811 2221.071975 2386.000362 2508.822025 2651.934120 2798.884283 2934.808093 3014.122312 3069.556563 3269.692037 3332.712953 3897.865354 3782.837352 4254.257578 4345.372530 4355.724741 4652.196022 4844.154728 4888.414682 4983.322587 5240.174831 5575.089082 6897.666012 6981.375366 11435.74575 14518.83285 15531.79800 16574.10761 18539.54468 20237.84524 20520.22376 24831.34009 25047.71884 25765.49119 29652.31568 30284.65719 31005.71907 32134.45848 34010.78588 34160.36454 34768.32638 35108.19412 35970.83016 38578.02459 43283.29822 48422.73822 49967.16821 52645.48402 59418.58750 57830.63824 62534.03339 102884.7884 102884.5465 102987.0097 103262.9505 103451.6509 102536.2284 102120.1846 101618.0610 100882.2007 100723.8423 100202.5645 100074.5753 99811.99281 104558.2073 104597.8724 105302.1064 105710.5010 78932.10304 80621.36903 82295.25735 82573.63299 84340.89167 76460.65026 88800.42276 87978.07109 93545.26317 69471.13286 107614.0300 109197.4057 117479.5603 121214.7956 128687.6978 152463.5538 167769.1911 200547.9646 613326.2478
      sorted:	 3.348327482e-08 0.0001281317133 0.04072430992 31.43492679 49.54023504 69.01962427 72.14585810 100.5016161 246.5039497 468.0365130 530.2866465 560.3387774 628.1946342 647.4569920 685.3866430 685.3866438 709.1908170 748.9568166 761.6143693 776.3202853 793.2483756 812.6721697 834.6488970 859.2763093 886.5368900 916.9132173 946.0070038 960.0832979 971.2489240 993.5368952 1034.640484 1076.405753 1098.810545 1117.496733 1145.526051 1158.798745 1177.914504 1186.996668 1207.515730 1288.093188 1425.413591 1672.181276 1736.488829 1898.946899 1960.992098 2015.467091 2176.366811 2221.071975 2386.000362 2508.822025 2651.934120 2798.884283 2934.808093 3014.122312 3069.556563 3269.692037 3332.712953 3782.837352 3897.865354 4254.257578 4345.372530 4355.724741 4652.196022 4844.154728 4888.414682 4983.322587 5240.174831 5575.089082 6897.666012 6981.375366 11435.74575 14518.83285 15531.79800 16574.10761 18539.54468 20237.84524 20520.22376 24831.34009 25047.71884 25765.49119 29652.31568 30284.65719 31005.71907 32134.45848 34010.78588 34160.36454 34768.32638 35108.19412 35970.83016 38578.02459 43283.29822 48422.73822 49967.16821 52645.48402 57830.63824 59418.58750 62534.03339 69471.13286 76460.65026 78932.10304 80621.36903 82295.25735 82573.63299 84340.89167 87978.07109 88800.42276 93545.26317 99811.99281 100074.5753 100202.5645 100723.8423 100882.2007 101618.0610 102120.1846 102536.2284 102884.5465 102884.7884 102987.0097 103262.9505 103451.6509 104558.2073 104597.8724 105302.1064 105710.5010 107614.0300 109197.4057 117479.5603 121214.7956 128687.6978 152463.5538 167769.1911 200547.9646 613326.2478
