    unsorted:	 685.3861816 685.3861817 777.6813792 762.8387378 794.7459180 750.0454155 814.2781654 836.3018909 860.8431770 721.8271271 709.1843141 887.6705042 915.9986210 938.9667321 962.5039729 997.6854286 1038.311535 1078.954264 1108.497993 1121.949377 1167.373099 1151.327162 1195.904524 1186.459390 1201.031137 644.5816646 623.9380628 1301.388272 510.4973999 1415.797520 1465.379715 9.999893887e-09 -7.299530149e-07 1607.213131 241.5826497 76.63161552 61.56577232 48.36783050 44.22504048 90.60917365 108.8879898 1715.214877 1820.482963 2069.183664 2225.903964 2248.635438 2317.150531 2459.273774 2516.325563 2620.593231 2951.497789 3002.768753 3175.737907 3205.702496 3316.967405 3408.754199 3603.078953 3728.089472 3852.775973 4307.861076 4269.275246 4561.460867 4610.286686 4492.078382 4677.388917 5195.491113 5698.007415 5900.443267 6088.093997 10831.87739 24588.67981 24687.78455 24319.60674 25410.74156 25768.11947 26171.73962 22683.63147 21350.93903 16554.79059 29622.72762 29340.41194 31678.80847 32318.93226 34992.42878 35367.13332 38051.45276 38895.02547 39079.02726 40462.91390 41538.73861 45626.12651 50718.28435 50524.27624 55320.65313 58523.15682 62039.89205 64919.52187 65612.89353 102862.7655 102865.1546 102946.2785 103220.2872 103290.8121 103409.8275 102092.1338 101589.1837 100848.1449 100666.0190 100175.0949 100143.2907 100025.8935 99468.22707 104523.5415 104881.6238 105344.6881 105711.7553 70436.27880 75862.37488 77553.70721 78927.90498 80642.74183 82356.85878 82730.83043 84289.85462 93496.48472 88126.92661 109039.0333 118498.1020 121694.2455 125533.1393 148152.0054 165183.1946 291163.3907
      sorted:	 -7.299530149e-07 9.999893887e-09 44.22504048 48.36783050 61.56577232 76.63161552 90.60917365 108.8879898 241.5826497 510.4973999 623.9380628 644.5816646 685.3861816 685.3861817 709.1843141 721.8271271 750.0454155 762.8387378 777.6813792 794.7459180 814.2781654 836.3018909 860.8431770 887.6705042 915.9986210 938.9667321 962.5039729 997.6854286 1038.311535 1078.954264 1108.497993 1121.949377 1151.327162 1167.373099 1186.459390 1195.904524 1201.031137 1301.388272 1415.797520 1465.379715 1607.213131 1715.214877 1820.482963 2069.183664 2225.903964 2248.635438 2317.150531 2459.273774 2516.325563 2620.593231 2951.497789 3002.768753 3175.737907 3205.702496 3316.967405 3408.754199 3603.078953 3728.089472 3852.775973 4269.275246 4307.861076 4492.078382 4561.460867 4610.286686 4677.388917 5195.491113 5698.007415 5900.443267 6088.093997 10831.87739 16554.79059 21350.93903 22683.63147 24319.60674 24588.67981 24687.78455 25410.74156 25768.11947 26171.73962 29340.41194 29622.72762 31678.80847 32318.93226 34992.42878 35367.13332 38051.45276 38895.02547 39079.02726 40462.91390 41538.73861 45626.12651 50524.27624 50718.28435 55320.65313 58523.15682 62039.89205 64919.52187 65612.89353 70436.27880 75862.37488 77553.70721 78927.90498 80642.74183 82356.85878 82730.83043 84289.85462 88126.92661 93496.48472 99468.22707 100025.8935 100143.2907 100175.0949 100666.0190 100848.1449 101589.1837 102092.1338 102862.7655 102865.1546 102946.2785 103220.2872 103290.8121 103409.8275 104523.5415 104881.6238 105344.6881 105711.7553 109039.0333 118498.1020 121694.2455 125533.1393 148152.0054 165183.1946 291163.3907
