    unsorted:	 -9.137135493e-14 685.3851227 685.3851228 3.947983565e-07 -6.447617545e-06 853.1039036 855.4479901 829.4616553 808.2864070 789.7050185 773.4708544 879.5757182 759.3191214 908.4300923 724.3767058 939.5481406 967.8064197 990.2231370 1024.543799 675.4749463 1066.349914 1154.517706 1107.086041 1131.873376 1181.862688 1201.252028 1218.439728 1225.981577 1234.162693 635.9225044 622.2299709 1311.501825 1374.696928 507.3729564 1503.008257 79.28581197 73.56498588 70.09657753 95.23276116 53.68176651 254.5246363 23.08488729 1710.856085 1854.834429 1888.544943 2021.284522 2234.583768 2342.989998 2445.083870 2573.412125 2837.997901 2887.587685 3079.189609 3135.436283 3569.119246 3530.337941 3592.004900 3755.563002 3913.793629 4135.945602 4359.539671 4633.894952 4767.289305 4811.658546 4867.870904 5025.239075 5346.651290 5475.413732 6764.789803 13192.88389 15912.49901 18030.77761 24295.48919 24379.66849 24019.12318 23646.63167 25746.74479 26312.14909 20857.82034 27379.82494 28225.34672 28441.37567 30185.87033 30448.66119 33696.74418 36823.65919 37459.69652 39755.73046 41851.76910 42824.55556 43165.13902 48320.17976 54170.26001 57589.62555 58393.40923 63376.40465 65529.69742 67724.20734 102736.5054 102760.3393 102799.1894 103058.4583 103176.0196 102048.5013 101501.7129 101647.4050 100800.0085 100513.9492 100092.9204 100039.0581 99532.11039 104330.1452 104354.4224 105096.9731 105447.8497 75523.37489 74644.29347 78787.37541 80672.92699 79890.04213 82351.67342 84140.74283 87803.59686 88777.89960 93369.97152 108120.6132 114138.1248 119965.7559 122424.5131 144441.8862 157008.5384 224558.2379 585176.5180
      sorted:	 -6.447617545e-06 -9.137135493e-14 3.947983565e-07 23.08488729 53.68176651 70.09657753 73.56498588 79.28581197 95.23276116 254.5246363 507.3729564 622.2299709 635.9225044 675.4749463 685.3851227 685.3851228 724.3767058 759.3191214 773.4708544 789.7050185 808.2864070 829.4616553 853.1039036 855.4479901 879.5757182 908.4300923 939.5481406 967.8064197 990.2231370 1024.543799 1066.349914 1107.086041 1131.873376 1154.517706 1181.862688 1201.252028 1218.439728 1225.981577 1234.162693 1311.501825 1374.696928 1503.008257 1710.856085 1854.834429 1888.544943 2021.284522 2234.583768 2342.989998 2445.083870 2573.412125 2837.997901 2887.587685 3079.189609 3135.436283 3530.337941 3569.119246 3592.004900 3755.563002 3913.793629 4135.945602 4359.539671 4633.894952 4767.289305 4811.658546 4867.870904 5025.239075 5346.651290 5475.413732 6764.789803 13192.88389 15912.49901 18030.77761 20857.82034 23646.63167 24019.12318 24295.48919 24379.66849 25746.74479 26312.14909 27379.82494 28225.34672 28441.37567 30185.87033 30448.66119 33696.74418 36823.65919 37459.69652 39755.73046 41851.76910 42824.55556 43165.13902 48320.17976 54170.26001 57589.62555 58393.40923 63376.40465 65529.69742 67724.20734 74644.29347 75523.37489 78787.37541 79890.04213 80672.92699 82351.67342 84140.74283 87803.59686 88777.89960 93369.97152 99532.11039 100039.0581 100092.9204 100513.9492 100800.0085 101501.7129 101647.4050 102048.5013 102736.5054 102760.3393 102799.1894 103058.4583 103176.0196 104330.1452 104354.4224 105096.9731 105447.8497 108120.6132 114138.1248 119965.7559 122424.5131 144441.8862 157008.5384 224558.2379 585176.5180
