    unsorted:	 -8.485863971e-14 685.3871925 685.3871952 784.2880029 768.4647198 754.7655531 802.5115887 743.0145581 823.2428232 846.5747537 872.4688641 900.1244790 910.6579465 721.2579695 700.9655877 937.0521854 973.7384445 1014.202690 1055.438159 1056.418739 655.5428772 1096.263410 1110.590251 1124.704805 1138.188832 1152.646900 1162.958791 629.5343008 1244.933801 1271.069666 529.2528899 500.3822694 4.700143695e-06 0.001975733712 1602.485840 243.5115186 99.17631580 73.50742617 70.38559821 50.35490271 32.63309313 1721.293920 1832.855399 1876.557147 1922.442449 2054.277887 2169.502605 2299.728756 2457.520419 2479.121687 2548.414427 2687.704775 2932.052510 3113.444601 3035.572146 3439.474157 3612.392849 3818.721062 4016.502794 4370.660455 4447.646798 4550.113937 4660.602938 4885.024653 5093.268406 5177.334857 5207.818304 5536.582635 6822.868612 7458.933604 12784.41807 16030.37658 16829.94011 17582.83476 19603.96140 20950.17286 21266.34894 24495.19972 26575.60424 26300.81595 29789.52298 30326.98281 31278.35946 32500.91699 33222.67243 34770.16233 35167.11250 35415.68590 35909.84267 38573.51581 42265.56808 48146.20624 49378.87350 51499.02597 57232.26812 57935.79369 61929.93291 102884.1993 102883.9546 103037.4826 103442.5851 103485.3219 102557.3003 102178.5558 101722.1278 100967.4948 100879.8134 100313.2582 100129.3207 100065.4782 104638.1403 104604.4909 105354.3314 105868.0421 80632.03506 79141.61536 81650.04289 82710.02929 84607.61330 85651.59022 76129.75389 88402.50735 93755.03103 67650.52051 107695.3819 109325.4999 117822.5245 121676.2420 127319.1371 152528.6598 167847.7782 204303.4739 556311.6722
      sorted:	 -8.485863971e-14 4.700143695e-06 0.001975733712 32.63309313 50.35490271 70.38559821 73.50742617 99.17631580 243.5115186 500.3822694 529.2528899 629.5343008 655.5428772 685.3871925 685.3871952 700.9655877 721.2579695 743.0145581 754.7655531 768.4647198 784.2880029 802.5115887 823.2428232 846.5747537 872.4688641 900.1244790 910.6579465 937.0521854 973.7384445 1014.202690 1055.438159 1056.418739 1096.263410 1110.590251 1124.704805 1138.188832 1152.646900 1162.958791 1244.933801 1271.069666 1602.485840 1721.293920 1832.855399 1876.557147 1922.442449 2054.277887 2169.502605 2299.728756 2457.520419 2479.121687 2548.414427 2687.704775 2932.052510 3035.572146 3113.444601 3439.474157 3612.392849 3818.721062 4016.502794 4370.660455 4447.646798 4550.113937 4660.602938 4885.024653 5093.268406 5177.334857 5207.818304 5536.582635 6822.868612 7458.933604 12784.41807 16030.37658 16829.94011 17582.83476 19603.96140 20950.17286 21266.34894 24495.19972 26300.81595 26575.60424 29789.52298 30326.98281 31278.35946 32500.91699 33222.67243 34770.16233 35167.11250 35415.68590 35909.84267 38573.51581 42265.56808 48146.20624 49378.87350 51499.02597 57232.26812 57935.79369 61929.93291 67650.52051 76129.75389 79141.61536 80632.03506 81650.04289 82710.02929 84607.61330 85651.59022 88402.50735 93755.03103 100065.4782 100129.3207 100313.2582 100879.8134 100967.4948 101722.1278 102178.5558 102557.3003 102883.9546 102884.1993 103037.4826 103442.5851 103485.3219 104604.4909 104638.1403 105354.3314 105868.0421 107695.3819 109325.4999 117822.5245 121676.2420 127319.1371 152528.6598 167847.7782 204303.4739 556311.6722
