    unsorted:	 1.403867287e-13 685.3874823 685.3874823 879.4575285 893.9671258 863.8557102 839.0811153 821.9681249 815.5589771 796.1829035 778.7728061 763.6505346 750.5670776 739.3135510 925.9907244 962.1089959 1001.767603 696.6326927 1028.896269 1042.533434 1082.781609 1090.727869 1119.106854 1135.417550 1147.157002 1165.241480 663.3602281 630.3777059 1254.986760 1305.467042 526.5240950 479.7697257 4.994888532e-06 0.002065010826 1564.196534 241.3307933 98.25001344 74.25853265 71.11901626 50.73391405 32.93735476 1751.583619 1834.978225 1862.870273 2013.519438 2132.175468 2112.137296 2348.998426 2389.416106 2570.013476 2560.071520 2630.137918 2887.264209 3055.043523 3185.167347 3525.621079 3752.806970 3833.173884 4079.002016 4463.895879 4394.553551 4556.970382 4731.909301 4922.988261 5234.883999 5194.115962 5299.271784 5544.120738 6737.219449 7765.853970 13743.80151 17039.72533 17608.73223 18322.58567 20305.07026 21505.77686 21872.46543 24311.41751 26784.00754 27518.30970 29630.77490 30740.46375 31504.13700 32752.17684 32725.10224 34365.41515 35899.32833 35610.24867 36533.71835 38621.22367 41679.00950 48083.54573 49044.26442 50785.44703 56748.85133 57372.14281 61533.58291 102879.6012 102879.3552 103067.1119 102597.4876 102219.4570 101792.7054 103572.4497 103496.5477 101036.1438 100974.5414 100391.0665 100168.9518 100231.8917 104682.7468 104617.5495 105388.0541 105975.6394 80638.66526 80988.03960 82848.28532 83771.57941 84797.33821 79269.88495 75821.32072 88553.71151 93896.12499 66762.97674 107635.7559 109421.7403 118056.0650 121923.7032 126586.5792 152513.6010 168047.5550 215009.7819 677338.3564
      sorted:	 1.403867287e-13 4.994888532e-06 0.002065010826 32.93735476 50.73391405 71.11901626 74.25853265 98.25001344 241.3307933 479.7697257 526.5240950 630.3777059 663.3602281 685.3874823 685.3874823 696.6326927 739.3135510 750.5670776 763.6505346 778.7728061 796.1829035 815.5589771 821.9681249 839.0811153 863.8557102 879.4575285 893.9671258 925.9907244 962.1089959 1001.767603 1028.896269 1042.533434 1082.781609 1090.727869 1119.106854 1135.417550 1147.157002 1165.241480 1254.986760 1305.467042 1564.196534 1751.583619 1834.978225 1862.870273 2013.519438 2112.137296 2132.175468 2348.998426 2389.416106 2560.071520 2570.013476 2630.137918 2887.264209 3055.043523 3185.167347 3525.621079 3752.806970 3833.173884 4079.002016 4394.553551 4463.895879 4556.970382 4731.909301 4922.988261 5194.115962 5234.883999 5299.271784 5544.120738 6737.219449 7765.853970 13743.80151 17039.72533 17608.73223 18322.58567 20305.07026 21505.77686 21872.46543 24311.41751 26784.00754 27518.30970 29630.77490 30740.46375 31504.13700 32725.10224 32752.17684 34365.41515 35610.24867 35899.32833 36533.71835 38621.22367 41679.00950 48083.54573 49044.26442 50785.44703 56748.85133 57372.14281 61533.58291 66762.97674 75821.32072 79269.88495 80638.66526 80988.03960 82848.28532 83771.57941 84797.33821 88553.71151 93896.12499 100168.9518 100231.8917 100391.0665 100974.5414 101036.1438 101792.7054 102219.4570 102597.4876 102879.3552 102879.6012 103067.1119 103496.5477 103572.4497 104617.5495 104682.7468 105388.0541 105975.6394 107635.7559 109421.7403 118056.0650 121923.7032 126586.5792 152513.6010 168047.5550 215009.7819 677338.3564
