    unsorted:	 2.371878555e-13 685.3869833 685.3869848 771.6001519 757.4921441 745.3746026 787.8716587 806.5826396 827.8204433 851.6811063 878.1431906 907.3705821 704.5747474 926.4470647 945.0338606 981.4952324 1022.369723 1063.957703 1072.129534 1078.129952 1105.169771 1127.081323 1145.433106 1163.012179 1172.676924 658.8680408 645.7180852 622.4407627 1242.583493 1262.974417 528.4770702 509.1552476 4.465717559e-06 0.004942773922 1646.458892 1619.334010 244.8377170 99.74036276 72.98455888 69.86701277 50.06166701 32.28950805 1767.593727 1896.418012 1930.657012 2040.128247 2191.708779 2249.458683 2426.701956 2521.796754 2545.771569 2734.478964 2959.897486 3011.565605 3084.721503 3375.387479 3504.936318 3805.814989 3971.768760 4336.577630 4419.072753 4469.546690 4671.400652 4875.350921 4998.742121 5096.469256 5217.092682 5545.366611 6872.084613 7264.449941 12208.10434 15399.62671 16310.61662 17147.03590 19156.82162 20631.40376 20927.54092 24627.53082 25856.09032 26146.65487 30116.22420 29894.84506 31153.27153 32349.10433 33557.97323 35396.90407 35084.34184 34607.48094 35555.46908 38565.78870 42669.01800 48269.70083 49611.99466 51967.83889 58526.04236 57506.31793 62201.62731 102885.4593 102885.2157 103017.4774 103368.4148 103471.0286 102552.5524 102153.7867 101678.5271 100930.5683 100815.7404 100266.6183 100105.7912 99960.25377 104612.5887 104596.9787 105333.5280 105802.2625 79055.64646 80627.70452 82627.40212 81966.38958 84497.38350 76291.21786 86856.68788 88333.26873 93667.79058 68387.56395 107686.5043 109276.0127 117730.7494 121503.2075 127903.2544 152522.3051 167835.4141 203118.1710 582186.0227
      sorted:	 2.371878555e-13 4.465717559e-06 0.004942773922 32.28950805 50.06166701 69.86701277 72.98455888 99.74036276 244.8377170 509.1552476 528.4770702 622.4407627 645.7180852 658.8680408 685.3869833 685.3869848 704.5747474 745.3746026 757.4921441 771.6001519 787.8716587 806.5826396 827.8204433 851.6811063 878.1431906 907.3705821 926.4470647 945.0338606 981.4952324 1022.369723 1063.957703 1072.129534 1078.129952 1105.169771 1127.081323 1145.433106 1163.012179 1172.676924 1242.583493 1262.974417 1619.334010 1646.458892 1767.593727 1896.418012 1930.657012 2040.128247 2191.708779 2249.458683 2426.701956 2521.796754 2545.771569 2734.478964 2959.897486 3011.565605 3084.721503 3375.387479 3504.936318 3805.814989 3971.768760 4336.577630 4419.072753 4469.546690 4671.400652 4875.350921 4998.742121 5096.469256 5217.092682 5545.366611 6872.084613 7264.449941 12208.10434 15399.62671 16310.61662 17147.03590 19156.82162 20631.40376 20927.54092 24627.53082 25856.09032 26146.65487 29894.84506 30116.22420 31153.27153 32349.10433 33557.97323 34607.48094 35084.34184 35396.90407 35555.46908 38565.78870 42669.01800 48269.70083 49611.99466 51967.83889 57506.31793 58526.04236 62201.62731 68387.56395 76291.21786 79055.64646 80627.70452 81966.38958 82627.40212 84497.38350 86856.68788 88333.26873 93667.79058 99960.25377 100105.7912 100266.6183 100815.7404 100930.5683 101678.5271 102153.7867 102552.5524 102885.2157 102885.4593 103017.4774 103368.4148 103471.0286 104596.9787 104612.5887 105333.5280 105802.2625 107686.5043 109276.0127 117730.7494 121503.2075 127903.2544 152522.3051 167835.4141 203118.1710 582186.0227
