    unsorted:	 685.3859052 685.3859052 5.684239311e-14 -3.623760504e-07 -8.671742933e-07 765.2249367 752.1208402 780.4007800 797.8271284 817.7447655 720.5589929 712.2642307 840.1499185 865.0386512 892.0334075 919.3506190 939.9110655 966.4200303 994.6706082 1005.050369 1045.448554 1086.737145 1130.480710 1124.176593 1113.664589 1163.472920 1176.248805 1195.918883 1204.308764 637.6378890 609.1826284 511.0741707 1399.266562 1459.799967 1535.977303 241.3344658 65.81166905 76.41747623 55.97355023 46.44975955 97.28225830 1694.891448 1812.379325 2017.386238 2199.834420 2249.903259 2274.835155 2399.074207 2462.670268 2659.962063 2874.160033 3026.751248 3075.950968 3215.382902 3272.303326 3362.374471 3628.470596 3674.210389 3735.311054 4240.996112 4222.696362 4440.718856 4532.597387 4602.833558 4671.197483 5160.867163 5641.798257 5862.901333 6078.213912 12401.38573 24452.94705 24245.28809 24196.69126 25353.86876 22629.65547 21842.66889 26182.11024 19820.28984 29609.71311 29184.49676 30644.27099 31504.80043 32623.16230 35328.35603 37677.43656 38733.90012 39243.49232 40292.36127 41036.90690 42475.06476 51253.40904 50443.25548 55685.56275 56409.83166 59165.71674 63637.76076 65904.84951 102856.2028 102859.7049 102926.7349 103217.3548 102614.2201 103378.1316 102076.7028 101559.1969 100826.5742 100613.4301 100137.2199 100038.1377 99686.16193 104492.6372 104567.9156 105248.5403 105632.8517 94716.73379 93374.67425 80639.88933 82279.95271 82620.39999 78857.96334 84214.58046 77297.40031 75947.32956 88048.90889 70133.78360 108525.4055 117535.4254 121163.5017 124164.9742 143115.6017 160748.9712 218103.3105 479573.1224
      sorted:	 -8.671742933e-07 -3.623760504e-07 5.684239311e-14 46.44975955 55.97355023 65.81166905 76.41747623 97.28225830 241.3344658 511.0741707 609.1826284 637.6378890 685.3859052 685.3859052 712.2642307 720.5589929 752.1208402 765.2249367 780.4007800 797.8271284 817.7447655 840.1499185 865.0386512 892.0334075 919.3506190 939.9110655 966.4200303 994.6706082 1005.050369 1045.448554 1086.737145 1113.664589 1124.176593 1130.480710 1163.472920 1176.248805 1195.918883 1204.308764 1399.266562 1459.799967 1535.977303 1694.891448 1812.379325 2017.386238 2199.834420 2249.903259 2274.835155 2399.074207 2462.670268 2659.962063 2874.160033 3026.751248 3075.950968 3215.382902 3272.303326 3362.374471 3628.470596 3674.210389 3735.311054 4222.696362 4240.996112 4440.718856 4532.597387 4602.833558 4671.197483 5160.867163 5641.798257 5862.901333 6078.213912 12401.38573 19820.28984 21842.66889 22629.65547 24196.69126 24245.28809 24452.94705 25353.86876 26182.11024 29184.49676 29609.71311 30644.27099 31504.80043 32623.16230 35328.35603 37677.43656 38733.90012 39243.49232 40292.36127 41036.90690 42475.06476 50443.25548 51253.40904 55685.56275 56409.83166 59165.71674 63637.76076 65904.84951 70133.78360 75947.32956 77297.40031 78857.96334 80639.88933 82279.95271 82620.39999 84214.58046 88048.90889 93374.67425 94716.73379 99686.16193 100038.1377 100137.2199 100613.4301 100826.5742 101559.1969 102076.7028 102614.2201 102856.2028 102859.7049 102926.7349 103217.3548 103378.1316 104492.6372 104567.9156 105248.5403 105632.8517 108525.4055 117535.4254 121163.5017 124164.9742 143115.6017 160748.9712 218103.3105 479573.1224
