    unsorted:	 685.3856140 685.3856141 1.211512663e-08 -5.974836332e-07 -2.729725559e-06 767.5371899 783.0353401 754.1268912 800.8115111 821.1046601 843.8878071 715.2767040 721.2030165 869.1268072 896.1386651 918.4861922 934.6118088 963.2607128 982.5731018 1011.317502 1033.072930 1052.062118 1093.349395 1139.274571 1130.500221 1170.863653 1184.859465 1203.826091 1212.316027 637.1327085 603.6103420 513.8963462 1384.664871 1434.645694 1511.123515 65.45015331 76.19009704 55.75764803 46.25498711 97.73711593 241.2113562 1698.311016 1822.704377 1988.453765 2249.580161 2160.763354 2281.151584 2407.191285 2349.092734 2698.603453 2811.111404 3018.398677 3047.632238 3214.025462 3254.377432 3326.743810 3626.482022 3651.443564 3710.736271 4164.698571 4193.824810 4396.342239 4502.133209 4597.459620 4668.734019 5128.400803 5584.237778 5826.497520 6069.191137 12143.04210 24327.43766 24096.31698 23803.51652 25307.20880 22399.59082 21452.23462 26256.79938 19488.72034 29065.80641 29611.89941 30150.97417 31325.47524 32413.16208 35384.37153 37467.89478 38637.72936 39570.12622 40386.21893 41459.70058 42613.59406 51805.78621 50497.57126 56064.48892 56377.10892 59437.68201 63875.49702 66199.42528 102847.7060 102851.5066 102907.5534 103169.6337 103358.5485 102556.1600 102064.0850 101533.3735 100808.9882 100572.8650 100111.5307 100028.4750 99617.36760 104464.1912 104545.0860 105224.5611 105584.7302 70317.25727 76018.30122 77441.21479 78813.41946 80637.47792 82239.42478 82601.86695 84149.36056 93268.14572 94124.01621 87981.81173 108395.6090 116987.8385 121009.0525 123815.1172 142095.1596 160171.0835 206276.7202 422016.3613
      sorted:	 -2.729725559e-06 -5.974836332e-07 1.211512663e-08 46.25498711 55.75764803 65.45015331 76.19009704 97.73711593 241.2113562 513.8963462 603.6103420 637.1327085 685.3856140 685.3856141 715.2767040 721.2030165 754.1268912 767.5371899 783.0353401 800.8115111 821.1046601 843.8878071 869.1268072 896.1386651 918.4861922 934.6118088 963.2607128 982.5731018 1011.317502 1033.072930 1052.062118 1093.349395 1130.500221 1139.274571 1170.863653 1184.859465 1203.826091 1212.316027 1384.664871 1434.645694 1511.123515 1698.311016 1822.704377 1988.453765 2160.763354 2249.580161 2281.151584 2349.092734 2407.191285 2698.603453 2811.111404 3018.398677 3047.632238 3214.025462 3254.377432 3326.743810 3626.482022 3651.443564 3710.736271 4164.698571 4193.824810 4396.342239 4502.133209 4597.459620 4668.734019 5128.400803 5584.237778 5826.497520 6069.191137 12143.04210 19488.72034 21452.23462 22399.59082 23803.51652 24096.31698 24327.43766 25307.20880 26256.79938 29065.80641 29611.89941 30150.97417 31325.47524 32413.16208 35384.37153 37467.89478 38637.72936 39570.12622 40386.21893 41459.70058 42613.59406 50497.57126 51805.78621 56064.48892 56377.10892 59437.68201 63875.49702 66199.42528 70317.25727 76018.30122 77441.21479 78813.41946 80637.47792 82239.42478 82601.86695 84149.36056 87981.81173 93268.14572 94124.01621 99617.36760 100028.4750 100111.5307 100572.8650 100808.9882 101533.3735 102064.0850 102556.1600 102847.7060 102851.5066 102907.5534 103169.6337 103358.5485 104464.1912 104545.0860 105224.5611 105584.7302 108395.6090 116987.8385 121009.0525 123815.1172 142095.1596 160171.0835 206276.7202 422016.3613
