    unsorted:	 685.3867599 685.3867608 774.7462086 791.4568015 760.2388509 747.7626982 810.6449665 832.3779552 856.7533575 883.7544790 913.8040423 940.3711968 954.5342846 707.6285949 989.2292952 1012.206497 1030.695496 1072.303342 1090.760702 1113.424213 1139.649814 1154.353086 1173.192043 1182.276009 649.1072324 630.9018976 1220.274890 576.5006895 1279.111884 528.3384300 496.2995929 3.737128453e-08 0.0001337055016 0.04050034659 1493.945683 246.0079074 100.2598319 72.43470716 69.31409467 49.72667284 31.78070754 1659.986624 1743.351782 1903.770814 1950.686417 2023.985457 2189.069095 2223.296372 2393.587385 2515.696371 2613.536991 2778.758162 2956.483603 3002.931869 3072.821587 3306.418310 3389.927430 3923.541930 3790.845463 4385.593723 4378.249453 4286.739349 4663.720325 4871.104725 4911.191763 5016.912092 5231.044446 5563.458520 6910.040412 7060.551775 11680.42750 14803.62225 15790.48387 16754.42992 18736.56695 20357.18706 20642.03375 24765.19155 25311.78835 25879.57619 29762.46995 30189.49035 31048.88142 32204.26217 33878.15783 34305.88155 34852.51228 35239.40956 35770.32515 38571.35914 43077.98724 48379.50512 49848.69967 52423.88803 59123.63106 57736.05296 62434.47486 102885.3431 102885.1005 102997.2473 103297.0305 103458.1503 102543.6578 102130.9252 101637.5757 100897.5567 100753.7852 100223.1875 100084.4585 99860.12517 104572.8659 104601.7830 105312.6650 105740.1987 78972.40923 80623.45809 82571.28224 82213.44551 84391.65032 76413.88572 88446.97238 87819.91738 93585.03886 69118.15176 107645.1846 109225.0884 117582.9660 121314.1719 128441.5660 152488.2918 167799.6917 201654.7373 607045.0026
      sorted:	 3.737128453e-08 0.0001337055016 0.04050034659 31.78070754 49.72667284 69.31409467 72.43470716 100.2598319 246.0079074 496.2995929 528.3384300 576.5006895 630.9018976 649.1072324 685.3867599 685.3867608 707.6285949 747.7626982 760.2388509 774.7462086 791.4568015 810.6449665 832.3779552 856.7533575 883.7544790 913.8040423 940.3711968 954.5342846 989.2292952 1012.206497 1030.695496 1072.303342 1090.760702 1113.424213 1139.649814 1154.353086 1173.192043 1182.276009 1220.274890 1279.111884 1493.945683 1659.986624 1743.351782 1903.770814 1950.686417 2023.985457 2189.069095 2223.296372 2393.587385 2515.696371 2613.536991 2778.758162 2956.483603 3002.931869 3072.821587 3306.418310 3389.927430 3790.845463 3923.541930 4286.739349 4378.249453 4385.593723 4663.720325 4871.104725 4911.191763 5016.912092 5231.044446 5563.458520 6910.040412 7060.551775 11680.42750 14803.62225 15790.48387 16754.42992 18736.56695 20357.18706 20642.03375 24765.19155 25311.78835 25879.57619 29762.46995 30189.49035 31048.88142 32204.26217 33878.15783 34305.88155 34852.51228 35239.40956 35770.32515 38571.35914 43077.98724 48379.50512 49848.69967 52423.88803 57736.05296 59123.63106 62434.47486 69118.15176 76413.88572 78972.40923 80623.45809 82213.44551 82571.28224 84391.65032 87819.91738 88446.97238 93585.03886 99860.12517 100084.4585 100223.1875 100753.7852 100897.5567 101637.5757 102130.9252 102543.6578 102885.1005 102885.3431 102997.2473 103297.0305 103458.1503 104572.8659 104601.7830 105312.6650 105740.1987 107645.1846 109225.0884 117582.9660 121314.1719 128441.5660 152488.2918 167799.6917 201654.7373 607045.0026
