    unsorted:	 685.3849502 685.3849502 1.136722959e-13 854.9480809 831.0454029 809.6993779 790.9621847 774.5832489 881.5452657 876.3298933 760.2837505 910.5993131 942.0401065 726.2502904 971.0588336 993.3272025 678.9293514 1027.285901 1069.207440 1109.961550 1134.127389 1157.593865 1184.828769 1203.565560 1220.002213 1228.632172 1237.575776 643.1384136 630.2195798 1299.689878 554.4463752 1368.788032 5.163345235e-07 -1.091967422e-05 1505.380283 255.9944306 159.8169165 73.34132640 70.62707771 95.57643718 53.86873945 28.66191277 1676.675930 1834.911436 1890.464143 2064.916982 2229.849377 2337.294618 2465.084214 2541.264940 2812.786211 2876.525985 3125.504489 3078.741386 3645.009342 3571.471251 3538.453367 3707.000335 3965.139435 4109.698283 4352.259427 4669.850796 4804.329774 4836.448820 4923.188993 4997.936166 5309.338833 5507.767587 6827.087352 13128.39310 15765.91837 17842.74198 23429.92838 24337.33306 24270.74227 23993.87891 25788.06275 25976.61135 20585.78521 27168.91918 27913.44780 28674.70313 30267.55200 30353.34331 33502.38333 36964.03426 37263.22144 39599.20105 42160.48851 42853.83204 43350.62069 48083.24118 54502.98963 57837.01810 58575.66841 63490.94562 65717.89307 67899.35991 102730.0652 102756.0920 102787.5222 103036.1105 103162.2333 102041.6220 101489.0775 101628.4088 100791.9083 100496.7879 100081.3705 100033.7685 99505.07480 104317.5321 104345.1830 105083.9035 105424.5688 80672.33237 80105.69423 78815.50323 82331.79774 75578.80737 74651.22034 84113.82473 87769.29887 88641.03131 93345.00704 108074.2573 114239.6201 119912.4209 122417.2497 144653.1218 157066.0377 225186.2253 593417.8538
      sorted:	 -1.091967422e-05 1.136722959e-13 5.163345235e-07 28.66191277 53.86873945 70.62707771 73.34132640 95.57643718 159.8169165 255.9944306 554.4463752 630.2195798 643.1384136 678.9293514 685.3849502 685.3849502 726.2502904 760.2837505 774.5832489 790.9621847 809.6993779 831.0454029 854.9480809 876.3298933 881.5452657 910.5993131 942.0401065 971.0588336 993.3272025 1027.285901 1069.207440 1109.961550 1134.127389 1157.593865 1184.828769 1203.565560 1220.002213 1228.632172 1237.575776 1299.689878 1368.788032 1505.380283 1676.675930 1834.911436 1890.464143 2064.916982 2229.849377 2337.294618 2465.084214 2541.264940 2812.786211 2876.525985 3078.741386 3125.504489 3538.453367 3571.471251 3645.009342 3707.000335 3965.139435 4109.698283 4352.259427 4669.850796 4804.329774 4836.448820 4923.188993 4997.936166 5309.338833 5507.767587 6827.087352 13128.39310 15765.91837 17842.74198 20585.78521 23429.92838 23993.87891 24270.74227 24337.33306 25788.06275 25976.61135 27168.91918 27913.44780 28674.70313 30267.55200 30353.34331 33502.38333 36964.03426 37263.22144 39599.20105 42160.48851 42853.83204 43350.62069 48083.24118 54502.98963 57837.01810 58575.66841 63490.94562 65717.89307 67899.35991 74651.22034 75578.80737 78815.50323 80105.69423 80672.33237 82331.79774 84113.82473 87769.29887 88641.03131 93345.00704 99505.07480 100033.7685 100081.3705 100496.7879 100791.9083 101489.0775 101628.4088 102041.6220 102730.0652 102756.0920 102787.5222 103036.1105 103162.2333 104317.5321 104345.1830 105083.9035 105424.5688 108074.2573 114239.6201 119912.4209 122417.2497 144653.1218 157066.0377 225186.2253 593417.8538
