    unsorted:	 685.3865711 685.3865858 794.3226449 777.2647702 762.4400718 813.8867026 749.6730484 836.0080050 860.7836336 888.1922855 918.7176387 949.0964738 942.1288627 964.1035502 995.8697838 710.1341807 1037.053293 1078.851106 1103.549666 1119.914223 1148.760141 1161.461093 1180.336959 1189.764250 1199.646574 646.6787290 626.5979807 1292.373221 555.1269213 531.5005515 1387.859227 444.3574366 1.104771888e-06 0.0008243131449 0.1443197924 246.7530950 100.6397203 71.96647219 68.83455628 49.42064467 31.18481022 1678.568285 1733.669758 1892.685875 1966.622436 2010.393187 2168.803717 2219.554897 2383.824874 2504.684823 2675.192928 2810.006140 2919.438212 3021.676112 3067.540944 3246.471020 3300.146212 3777.610802 3881.808900 4231.500170 4322.658712 4340.495005 4643.444992 4818.651968 4878.219999 4968.247505 5246.446895 5582.476632 6843.385221 6971.929734 11284.49925 14352.16481 15372.41792 16470.67473 18425.65533 20172.13734 20454.08071 24925.17230 24838.58844 25701.26142 29585.06135 30345.28728 30983.20540 32093.36266 34104.56841 34042.22215 34739.51654 35036.23554 36094.23270 38581.38615 43406.37579 48360.49291 50034.37778 52768.79249 59593.54905 57746.87775 62560.64097 102884.3009 102884.0593 102980.8130 103243.0445 103447.6246 102509.4342 102113.9373 101606.6519 100873.3139 100706.2109 100190.5229 100068.8847 99783.59096 104548.5705 104589.9358 105294.5850 105692.5808 93521.48545 80620.12683 78907.79046 82316.20258 82588.87786 84311.11499 76481.88698 87995.03858 89080.58828 69534.20777 107588.5656 109175.2869 117260.8997 121145.9066 128773.0853 152437.7584 167678.1415 195934.5583 551023.5791
      sorted:	 1.104771888e-06 0.0008243131449 0.1443197924 31.18481022 49.42064467 68.83455628 71.96647219 100.6397203 246.7530950 444.3574366 531.5005515 555.1269213 626.5979807 646.6787290 685.3865711 685.3865858 710.1341807 749.6730484 762.4400718 777.2647702 794.3226449 813.8867026 836.0080050 860.7836336 888.1922855 918.7176387 942.1288627 949.0964738 964.1035502 995.8697838 1037.053293 1078.851106 1103.549666 1119.914223 1148.760141 1161.461093 1180.336959 1189.764250 1199.646574 1292.373221 1387.859227 1678.568285 1733.669758 1892.685875 1966.622436 2010.393187 2168.803717 2219.554897 2383.824874 2504.684823 2675.192928 2810.006140 2919.438212 3021.676112 3067.540944 3246.471020 3300.146212 3777.610802 3881.808900 4231.500170 4322.658712 4340.495005 4643.444992 4818.651968 4878.219999 4968.247505 5246.446895 5582.476632 6843.385221 6971.929734 11284.49925 14352.16481 15372.41792 16470.67473 18425.65533 20172.13734 20454.08071 24838.58844 24925.17230 25701.26142 29585.06135 30345.28728 30983.20540 32093.36266 34042.22215 34104.56841 34739.51654 35036.23554 36094.23270 38581.38615 43406.37579 48360.49291 50034.37778 52768.79249 57746.87775 59593.54905 62560.64097 69534.20777 76481.88698 78907.79046 80620.12683 82316.20258 82588.87786 84311.11499 87995.03858 89080.58828 93521.48545 99783.59096 100068.8847 100190.5229 100706.2109 100873.3139 101606.6519 102113.9373 102509.4342 102884.0593 102884.3009 102980.8130 103243.0445 103447.6246 104548.5705 104589.9358 105294.5850 105692.5808 107588.5656 109175.2869 117260.8997 121145.9066 128773.0853 152437.7584 167678.1415 195934.5583 551023.5791
