    unsorted:	 685.3875725 685.3875757 861.2527832 870.1221992 849.0465728 835.7297328 890.4544968 813.8045931 794.1791149 776.9781278 762.0736913 749.1912138 738.0995035 922.3957419 958.2219085 695.1275221 997.5733884 1019.393828 1038.120678 1077.904466 1083.537355 665.7637461 1113.779113 1129.950967 1142.073110 1166.388341 630.1939997 1267.596004 524.7489521 1317.807671 471.7228654 3.360502511e-07 0.0003219565456 0.0002097226203 1552.234906 240.5587289 97.91819358 74.50150721 71.35226779 50.84478701 32.98818772 1754.605740 1823.738345 1853.877928 2023.160024 2113.319001 2171.421608 2313.652720 2421.328321 2557.095914 2578.538176 2638.696734 2873.228735 3060.359182 3212.635376 3550.957300 3793.369637 3835.827336 4098.579207 4460.992284 4386.077474 4538.185594 4775.778715 4938.521025 5192.773945 5280.794811 5337.835669 5551.889099 6705.174036 7821.588660 14064.89766 17391.71175 17856.91471 18581.65835 20543.03419 21709.16990 22098.86107 24254.55337 26948.01967 27859.24650 29594.47056 30886.85529 31587.96988 32580.41405 32827.36185 34207.38362 36078.27044 35793.95458 36745.01635 38649.29715 41490.31788 48934.74082 47893.57833 50539.01234 56361.88205 57037.03731 61290.85996 102877.3146 102877.0683 103076.8594 102234.0852 102562.1703 101817.6486 103615.3637 103502.6990 101065.0662 101003.2929 100420.2767 100288.1344 100183.3664 104697.8076 104607.6004 105396.5376 106011.4073 80640.65201 80665.32622 82878.49500 83211.89598 79304.33563 84859.44811 75687.59600 66195.18684 88607.68404 93943.90070 107592.1776 109440.7246 117857.5340 121939.2318 126121.8527 152425.7568 167849.1165 207679.7672 525351.9692
      sorted:	 3.360502511e-07 0.0002097226203 0.0003219565456 32.98818772 50.84478701 71.35226779 74.50150721 97.91819358 240.5587289 471.7228654 524.7489521 630.1939997 665.7637461 685.3875725 685.3875757 695.1275221 738.0995035 749.1912138 762.0736913 776.9781278 794.1791149 813.8045931 835.7297328 849.0465728 861.2527832 870.1221992 890.4544968 922.3957419 958.2219085 997.5733884 1019.393828 1038.120678 1077.904466 1083.537355 1113.779113 1129.950967 1142.073110 1166.388341 1267.596004 1317.807671 1552.234906 1754.605740 1823.738345 1853.877928 2023.160024 2113.319001 2171.421608 2313.652720 2421.328321 2557.095914 2578.538176 2638.696734 2873.228735 3060.359182 3212.635376 3550.957300 3793.369637 3835.827336 4098.579207 4386.077474 4460.992284 4538.185594 4775.778715 4938.521025 5192.773945 5280.794811 5337.835669 5551.889099 6705.174036 7821.588660 14064.89766 17391.71175 17856.91471 18581.65835 20543.03419 21709.16990 22098.86107 24254.55337 26948.01967 27859.24650 29594.47056 30886.85529 31587.96988 32580.41405 32827.36185 34207.38362 35793.95458 36078.27044 36745.01635 38649.29715 41490.31788 47893.57833 48934.74082 50539.01234 56361.88205 57037.03731 61290.85996 66195.18684 75687.59600 79304.33563 80640.65201 80665.32622 82878.49500 83211.89598 84859.44811 88607.68404 93943.90070 100183.3664 100288.1344 100420.2767 101003.2929 101065.0662 101817.6486 102234.0852 102562.1703 102877.0683 102877.3146 103076.8594 103502.6990 103615.3637 104607.6004 104697.8076 105396.5376 106011.4073 107592.1776 109440.7246 117857.5340 121939.2318 126121.8527 152425.7568 167849.1165 207679.7672 525351.9692
