    unsorted:	 685.3872918 685.3872968 3.930448257e-13 800.4916095 782.5324459 767.0004926 755.7308327 752.7505857 741.6549011 820.9565265 844.0154517 869.6050991 895.1953318 903.4306088 933.2948706 699.6406646 969.8602970 1010.075902 1051.242443 1047.360202 658.2283894 1091.903129 1104.839129 1128.159128 1143.457957 1149.526155 1158.353976 630.1635479 1243.531301 1281.861667 528.7113850 494.1795454 4.795703421e-06 0.009970675202 1589.464727 242.8050387 98.87794279 73.76121675 70.63492097 50.48836228 32.75531966 1736.825881 1855.033527 1870.046600 1943.831910 2062.994907 2155.920797 2328.166403 2421.343103 2508.564043 2554.212568 2664.628389 2916.983970 3043.352212 3134.691020 3469.549139 3662.049353 3824.110496 4037.802195 4382.018982 4456.896702 4572.587745 4665.064824 4895.348528 5140.609133 5199.168954 5222.072640 5536.257093 6795.768958 7549.497886 13088.06183 16358.43282 17087.25642 17816.64713 19834.67459 21125.39778 21455.10583 24431.83441 26465.77849 26870.48454 29728.99266 30458.97085 31348.24851 32579.40946 33056.82850 34672.64562 35271.04489 35565.54814 36106.06142 38583.52720 42067.10906 48068.99596 49264.28893 51260.49987 57045.60428 57655.08478 61774.76590 102883.0367 102882.7916 103047.4021 103499.2477 103474.4888 102555.0546 102191.6716 101744.9448 100988.0517 100912.0795 100337.9678 100141.9447 100119.8523 104652.8076 104604.8062 105364.5612 105902.2214 82755.43380 84658.34159 85031.60166 80634.22828 81460.99402 79184.85045 88448.65551 76033.77866 93800.28042 67262.52462 107685.4598 109350.1429 117828.2313 121751.9960 127001.3688 152514.7610 167827.6880 204139.0596 535060.2964
      sorted:	 3.930448257e-13 4.795703421e-06 0.009970675202 32.75531966 50.48836228 70.63492097 73.76121675 98.87794279 242.8050387 494.1795454 528.7113850 630.1635479 658.2283894 685.3872918 685.3872968 699.6406646 741.6549011 752.7505857 755.7308327 767.0004926 782.5324459 800.4916095 820.9565265 844.0154517 869.6050991 895.1953318 903.4306088 933.2948706 969.8602970 1010.075902 1047.360202 1051.242443 1091.903129 1104.839129 1128.159128 1143.457957 1149.526155 1158.353976 1243.531301 1281.861667 1589.464727 1736.825881 1855.033527 1870.046600 1943.831910 2062.994907 2155.920797 2328.166403 2421.343103 2508.564043 2554.212568 2664.628389 2916.983970 3043.352212 3134.691020 3469.549139 3662.049353 3824.110496 4037.802195 4382.018982 4456.896702 4572.587745 4665.064824 4895.348528 5140.609133 5199.168954 5222.072640 5536.257093 6795.768958 7549.497886 13088.06183 16358.43282 17087.25642 17816.64713 19834.67459 21125.39778 21455.10583 24431.83441 26465.77849 26870.48454 29728.99266 30458.97085 31348.24851 32579.40946 33056.82850 34672.64562 35271.04489 35565.54814 36106.06142 38583.52720 42067.10906 48068.99596 49264.28893 51260.49987 57045.60428 57655.08478 61774.76590 67262.52462 76033.77866 79184.85045 80634.22828 81460.99402 82755.43380 84658.34159 85031.60166 88448.65551 93800.28042 100119.8523 100141.9447 100337.9678 100912.0795 100988.0517 101744.9448 102191.6716 102555.0546 102882.7916 102883.0367 103047.4021 103474.4888 103499.2477 104604.8062 104652.8076 105364.5612 105902.2214 107685.4598 109350.1429 117828.2313 121751.9960 127001.3688 152514.7610 167827.6880 204139.0596 535060.2964
