    unsorted:	 9.284022301e-14 685.3870896 685.3870908 804.5487255 786.0795432 770.0299852 756.1232590 825.5348979 744.1834283 849.1331389 875.3157253 903.9456130 918.6034134 940.9343493 686.2251947 703.3000878 977.6148906 1018.301466 1059.755833 1065.076965 1099.037803 1102.863523 1121.234958 1141.117783 1157.788494 1167.818888 652.4496230 627.9406594 1247.289214 1262.547782 529.2133961 505.6326833 4.573413656e-06 0.003925666935 1615.156253 244.1909107 99.46385867 73.24883409 70.12997135 50.21306426 32.47862772 1690.830044 1793.697441 1887.201429 1923.182549 2047.310911 2181.921049 2273.184019 2450.845940 2494.292945 2542.915302 2711.197043 2946.713389 3025.003288 3096.524615 3408.060737 3559.929234 3812.625566 3994.539703 4355.634152 4434.980186 4512.074884 4666.841304 4878.250154 5045.876502 5137.402827 5211.747453 5539.671238 6848.375442 7365.067424 12491.85619 15710.70098 16571.50796 17359.71423 19377.65370 20785.41896 21090.46910 24560.49762 26327.63895 26104.23073 29851.94861 30205.81467 31213.41190 32424.15108 33390.38592 35313.62940 35165.02548 34734.93969 35724.92933 38567.93213 42466.36894 48221.03437 49495.15018 51735.47084 58228.43994 57398.24008 62075.58325 102885.0052 102884.7610 103027.5040 103405.4601 103477.6961 102558.5392 102165.9307 101699.9903 100948.4464 100847.5960 100289.5078 100117.2745 100012.2666 104624.2409 104602.9640 105344.1078 105834.7910 80629.85983 79098.48470 81817.70910 82666.96922 84552.18182 76215.83530 86265.59254 88362.24959 93710.92841 68038.74154 107695.6633 109301.5313 117803.1562 121593.9301 127627.6483 152532.1329 167858.5328 204384.8337 579327.0696
      sorted:	 9.284022301e-14 4.573413656e-06 0.003925666935 32.47862772 50.21306426 70.12997135 73.24883409 99.46385867 244.1909107 505.6326833 529.2133961 627.9406594 652.4496230 685.3870896 685.3870908 686.2251947 703.3000878 744.1834283 756.1232590 770.0299852 786.0795432 804.5487255 825.5348979 849.1331389 875.3157253 903.9456130 918.6034134 940.9343493 977.6148906 1018.301466 1059.755833 1065.076965 1099.037803 1102.863523 1121.234958 1141.117783 1157.788494 1167.818888 1247.289214 1262.547782 1615.156253 1690.830044 1793.697441 1887.201429 1923.182549 2047.310911 2181.921049 2273.184019 2450.845940 2494.292945 2542.915302 2711.197043 2946.713389 3025.003288 3096.524615 3408.060737 3559.929234 3812.625566 3994.539703 4355.634152 4434.980186 4512.074884 4666.841304 4878.250154 5045.876502 5137.402827 5211.747453 5539.671238 6848.375442 7365.067424 12491.85619 15710.70098 16571.50796 17359.71423 19377.65370 20785.41896 21090.46910 24560.49762 26104.23073 26327.63895 29851.94861 30205.81467 31213.41190 32424.15108 33390.38592 34734.93969 35165.02548 35313.62940 35724.92933 38567.93213 42466.36894 48221.03437 49495.15018 51735.47084 57398.24008 58228.43994 62075.58325 68038.74154 76215.83530 79098.48470 80629.85983 81817.70910 82666.96922 84552.18182 86265.59254 88362.24959 93710.92841 100012.2666 100117.2745 100289.5078 100847.5960 100948.4464 101699.9903 102165.9307 102558.5392 102884.7610 102885.0052 103027.5040 103405.4601 103477.6961 104602.9640 104624.2409 105344.1078 105834.7910 107695.6633 109301.5313 117803.1562 121593.9301 127627.6483 152532.1329 167858.5328 204384.8337 579327.0696
