    unsorted:	 1.545361409e-13 685.3873890 685.3873944 780.3373774 788.2737433 798.6600100 765.1817483 751.9218087 818.7100157 740.5099804 841.4656083 866.7270164 888.1316020 898.0149579 929.6174865 698.1397682 965.9858842 1005.932508 1038.218977 1046.902453 1087.411844 1097.899956 1124.100381 1140.675193 1151.719593 1159.674815 660.8244860 630.3811562 1246.398666 1293.292528 527.7385827 487.2627541 4.911429827e-06 0.005209052940 1576.620087 242.0753738 98.56863326 74.01118371 70.87890845 50.61410742 32.85565123 1745.802144 1846.882567 1868.454123 1984.795570 2079.414877 2142.240105 2385.169133 2357.981982 2539.145318 2559.296457 2643.456080 2901.936312 3049.533598 3158.914682 3498.217035 3708.825955 3828.785305 4058.533810 4389.557214 4462.479414 4570.009298 4692.033851 4908.279925 5187.147100 5197.652871 5260.324571 5538.737741 6767.138777 7640.925484 13403.93504 16694.91841 17344.52905 18061.52096 20068.67015 21310.66880 21656.64467 24370.54228 26623.97113 27187.55010 29675.35844 30597.13465 31423.23850 32659.48242 32894.19813 34523.98141 35728.03205 35430.49436 36312.26682 38598.89949 41871.43195 48008.83804 49152.13493 51021.23074 56859.57614 57404.97054 61619.76439 102881.5059 102881.2603 103057.2897 103531.7926 103488.9084 102557.1851 102205.2975 101768.4699 101010.6798 100943.8936 100363.8113 100155.1327 100175.3474 104667.7266 104605.9268 105375.1140 105937.5894 80636.43851 81243.35866 82802.20889 84377.04944 84743.43812 79227.68477 75928.77545 88498.82525 93846.89387 66903.14530 107665.7447 109377.9019 117849.8115 121823.5996 126700.2601 152495.4913 167830.8121 205064.8984 528755.4140
      sorted:	 1.545361409e-13 4.911429827e-06 0.005209052940 32.85565123 50.61410742 70.87890845 74.01118371 98.56863326 242.0753738 487.2627541 527.7385827 630.3811562 660.8244860 685.3873890 685.3873944 698.1397682 740.5099804 751.9218087 765.1817483 780.3373774 788.2737433 798.6600100 818.7100157 841.4656083 866.7270164 888.1316020 898.0149579 929.6174865 965.9858842 1005.932508 1038.218977 1046.902453 1087.411844 1097.899956 1124.100381 1140.675193 1151.719593 1159.674815 1246.398666 1293.292528 1576.620087 1745.802144 1846.882567 1868.454123 1984.795570 2079.414877 2142.240105 2357.981982 2385.169133 2539.145318 2559.296457 2643.456080 2901.936312 3049.533598 3158.914682 3498.217035 3708.825955 3828.785305 4058.533810 4389.557214 4462.479414 4570.009298 4692.033851 4908.279925 5187.147100 5197.652871 5260.324571 5538.737741 6767.138777 7640.925484 13403.93504 16694.91841 17344.52905 18061.52096 20068.67015 21310.66880 21656.64467 24370.54228 26623.97113 27187.55010 29675.35844 30597.13465 31423.23850 32659.48242 32894.19813 34523.98141 35430.49436 35728.03205 36312.26682 38598.89949 41871.43195 48008.83804 49152.13493 51021.23074 56859.57614 57404.97054 61619.76439 66903.14530 75928.77545 79227.68477 80636.43851 81243.35866 82802.20889 84377.04944 84743.43812 88498.82525 93846.89387 100155.1327 100175.3474 100363.8113 100943.8936 101010.6798 101768.4699 102205.2975 102557.1851 102881.2603 102881.5059 103057.2897 103488.9084 103531.7926 104605.9268 104667.7266 105375.1140 105937.5894 107665.7447 109377.9019 117849.8115 121823.5996 126700.2601 152495.4913 167830.8121 205064.8984 528755.4140
