    unsorted:	 684.4072034 684.6111992 684.7923331 684.9365165 685.0481539 684.2062533 683.9189121 685.4581826 683.4970116 682.9317001 678.7044272 676.6386167 674.4405825 671.5622891 668.0039746 663.6701034 658.2015495 651.8896177 643.7792431 636.9057326 629.7561562 621.5982198 613.0027896 600.9798351 727.5571525 587.8600320 574.5344387 559.7617288 754.0288945 534.0117889 507.3320715 475.5696094 444.1380701 844.1565559 425.6569318 398.2436181 350.7572946 338.4192406 1036.198915 274.3270596 231.5725092 1213.862266 1256.295972 1274.239848 1487.404940 1483.446900 1495.520717 1439.006298 124.9411942 1624.678407 1699.085575 1709.720845 1757.709670 93.40496404 45.50847382 1916.611137 1974.921818 2022.957724 2104.631551 2213.633885 2286.791209 2355.348616 2406.732645 2543.386333 2605.334606 2785.576685 2900.976750 2980.236981 3063.517785 3156.608345 3241.175225 3368.053276 3579.780870 3656.897935 3711.828100 7195.487679 35297.54231 34994.30926 35545.56453 34169.63669 34361.82282 33665.80625 36176.04605 36550.82187 36760.45064 33027.07247 32093.38619 31908.07622 31550.79416 39683.84419 39369.34185 40197.44498 40739.41783 40988.70765 41210.49887 41466.24154 42754.52553 42926.58193 43377.24242 29930.43034 28588.84198 28108.13318 27135.41830 45195.09048 45705.86651 46404.47209 47693.25071 49441.89119 52354.62660 53326.67040 54580.79435 56069.23928 59380.27136 60449.22344 64431.35131 64943.81057 72431.13777 75964.86959 76554.15435 80824.08050 81283.91455 81969.34586 85234.08946 87211.10076 93697.15901 95654.88218 98057.21051 105266.8098 105237.8317 105815.7002 102323.7961 106322.7841 108200.8646 116665.0122 123346.5508 134098.7580 140104.0770 177722.6094
      sorted:	 45.50847382 93.40496404 124.9411942 231.5725092 274.3270596 338.4192406 350.7572946 398.2436181 425.6569318 444.1380701 475.5696094 507.3320715 534.0117889 559.7617288 574.5344387 587.8600320 600.9798351 613.0027896 621.5982198 629.7561562 636.9057326 643.7792431 651.8896177 658.2015495 663.6701034 668.0039746 671.5622891 674.4405825 676.6386167 678.7044272 682.9317001 683.4970116 683.9189121 684.2062533 684.4072034 684.6111992 684.7923331 684.9365165 685.0481539 685.4581826 727.5571525 754.0288945 844.1565559 1036.198915 1213.862266 1256.295972 1274.239848 1439.006298 1483.446900 1487.404940 1495.520717 1624.678407 1699.085575 1709.720845 1757.709670 1916.611137 1974.921818 2022.957724 2104.631551 2213.633885 2286.791209 2355.348616 2406.732645 2543.386333 2605.334606 2785.576685 2900.976750 2980.236981 3063.517785 3156.608345 3241.175225 3368.053276 3579.780870 3656.897935 3711.828100 7195.487679 27135.41830 28108.13318 28588.84198 29930.43034 31550.79416 31908.07622 32093.38619 33027.07247 33665.80625 34169.63669 34361.82282 34994.30926 35297.54231 35545.56453 36176.04605 36550.82187 36760.45064 39369.34185 39683.84419 40197.44498 40739.41783 40988.70765 41210.49887 41466.24154 42754.52553 42926.58193 43377.24242 45195.09048 45705.86651 46404.47209 47693.25071 49441.89119 52354.62660 53326.67040 54580.79435 56069.23928 59380.27136 60449.22344 64431.35131 64943.81057 72431.13777 75964.86959 76554.15435 80824.08050 81283.91455 81969.34586 85234.08946 87211.10076 93697.15901 95654.88218 98057.21051 102323.7961 105237.8317 105266.8098 105815.7002 106322.7841 108200.8646 116665.0122 123346.5508 134098.7580 140104.0770 177722.6094
