    unsorted:	 472.0632176 471.4988304 516.9381213 515.5927477 502.3028356 488.3243878 529.0524653 538.5760404 460.6163542 447.5911715 551.3651868 564.3049557 575.7331888 587.4522691 587.9188332 438.1484663 599.1525876 607.5288540 420.8959421 614.6727493 407.7479120 385.8361016 355.2367433 313.6097519 279.7484887 244.7601602 185.8237681 176.2077791 143.4000887 112.5479682 91.13988099 87.50911761 67.06174410 56.68116633 8.890922032e-05 41.52758304 15.91748972 773.8217042 1106.529152 1338.216189 1343.837152 1460.124700 1496.923295 1635.010183 1679.603365 1939.271964 2113.715939 2067.791966 2267.443051 2582.009112 2913.065588 3178.085623 3288.058925 3548.561549 3922.692273 4869.693240 5117.432938 5260.828880 5727.573916 6255.035205 6433.206553 6691.514421 7599.755552 7970.525188 8689.483485 9957.277559 10669.56431 14613.46180 15859.07494 17962.47666 17897.21395 19572.13624 20284.16926 21836.45353 21989.24199 22307.77092 23125.08150 23031.78358 23383.24764 24890.19554 25327.05813 27449.08723 27270.17617 27994.70751 28603.56939 30247.14468 30993.01312 32403.65307 32551.82559 34389.62307 34017.87092 34822.66080 35187.67771 36797.10974 38759.66370 38427.22023 39417.61611 41124.49652 40978.01232 42287.17038 42613.64624 42880.66827 44159.20233 44232.42504 45151.81419 45338.69088 46050.06116 47408.45313 47610.38691 48883.48620 49440.18935 50023.06061 50447.28173 52912.75540 53358.88293 54838.21606 55463.17279 56693.42702 57897.60448 59888.92341 60756.02100 64787.55551 67528.47931 73360.18041 77753.84112 80719.70173 94864.58038 97486.73918 126116.3298 155636.6597 406754.7370
      sorted:	 8.890922032e-05 15.91748972 41.52758304 56.68116633 67.06174410 87.50911761 91.13988099 112.5479682 143.4000887 176.2077791 185.8237681 244.7601602 279.7484887 313.6097519 355.2367433 385.8361016 407.7479120 420.8959421 438.1484663 447.5911715 460.6163542 471.4988304 472.0632176 488.3243878 502.3028356 515.5927477 516.9381213 529.0524653 538.5760404 551.3651868 564.3049557 575.7331888 587.4522691 587.9188332 599.1525876 607.5288540 614.6727493 773.8217042 1106.529152 1338.216189 1343.837152 1460.124700 1496.923295 1635.010183 1679.603365 1939.271964 2067.791966 2113.715939 2267.443051 2582.009112 2913.065588 3178.085623 3288.058925 3548.561549 3922.692273 4869.693240 5117.432938 5260.828880 5727.573916 6255.035205 6433.206553 6691.514421 7599.755552 7970.525188 8689.483485 9957.277559 10669.56431 14613.46180 15859.07494 17897.21395 17962.47666 19572.13624 20284.16926 21836.45353 21989.24199 22307.77092 23031.78358 23125.08150 23383.24764 24890.19554 25327.05813 27270.17617 27449.08723 27994.70751 28603.56939 30247.14468 30993.01312 32403.65307 32551.82559 34017.87092 34389.62307 34822.66080 35187.67771 36797.10974 38427.22023 38759.66370 39417.61611 40978.01232 41124.49652 42287.17038 42613.64624 42880.66827 44159.20233 44232.42504 45151.81419 45338.69088 46050.06116 47408.45313 47610.38691 48883.48620 49440.18935 50023.06061 50447.28173 52912.75540 53358.88293 54838.21606 55463.17279 56693.42702 57897.60448 59888.92341 60756.02100 64787.55551 67528.47931 73360.18041 77753.84112 80719.70173 94864.58038 97486.73918 126116.3298 155636.6597 406754.7370
