    unsorted:	 426.3783228 422.8431545 408.4550733 443.1553913 469.0012349 480.5177573 488.8244244 509.1638692 383.9765750 526.0538800 542.0730623 548.7105818 559.7537202 363.4218698 575.5614189 591.5688471 604.9941726 327.4204181 318.1979621 612.5503018 277.5394266 242.4952388 208.8420137 161.6994084 178.8614155 138.4964899 87.22723582 85.97471872 109.5925099 73.95907726 63.01430175 41.96354545 40.20226259 6.795583871e-05 26.83039440 14.68913298 2.129455142 781.5284489 1137.749146 1331.189911 1382.481659 1504.657217 1539.304000 1645.324624 1697.473789 1926.406719 2127.016417 2121.765495 2314.962936 2640.794651 2930.227697 3186.867614 3326.928159 3576.615930 3968.558863 4907.735775 5110.884777 5320.087975 5759.837572 6310.950400 6420.681827 6746.007001 7668.343799 7998.763285 8129.279426 8820.790590 10068.79792 10864.81626 15055.02783 15329.55913 17890.18116 19033.28085 18937.75072 20089.18117 21130.01159 21524.32313 22934.75340 22855.71229 23209.56664 23858.80728 25028.52889 25818.97821 27990.03551 28202.73118 28487.31182 29603.04156 30042.51208 31467.87011 31073.28176 31790.52841 33919.56189 34741.99761 35991.13961 36589.51106 36862.07873 37268.57612 37879.02186 38810.73621 39237.35331 39683.85791 40497.39571 41958.85523 42481.24411 42912.59777 43666.68066 44053.45091 44543.36433 45167.68748 45871.62661 47379.93565 48792.56393 49092.98222 50243.66746 51094.13783 52276.07569 53843.93350 56130.17546 57778.93713 60912.73418 62657.73807 64880.00580 70616.83834 73881.05402 76429.73115 80709.37394 86427.29466 101709.2093 105223.5393 129090.9897 146837.5686 361549.2839
      sorted:	 6.795583871e-05 2.129455142 14.68913298 26.83039440 40.20226259 41.96354545 63.01430175 73.95907726 85.97471872 87.22723582 109.5925099 138.4964899 161.6994084 178.8614155 208.8420137 242.4952388 277.5394266 318.1979621 327.4204181 363.4218698 383.9765750 408.4550733 422.8431545 426.3783228 443.1553913 469.0012349 480.5177573 488.8244244 509.1638692 526.0538800 542.0730623 548.7105818 559.7537202 575.5614189 591.5688471 604.9941726 612.5503018 781.5284489 1137.749146 1331.189911 1382.481659 1504.657217 1539.304000 1645.324624 1697.473789 1926.406719 2121.765495 2127.016417 2314.962936 2640.794651 2930.227697 3186.867614 3326.928159 3576.615930 3968.558863 4907.735775 5110.884777 5320.087975 5759.837572 6310.950400 6420.681827 6746.007001 7668.343799 7998.763285 8129.279426 8820.790590 10068.79792 10864.81626 15055.02783 15329.55913 17890.18116 18937.75072 19033.28085 20089.18117 21130.01159 21524.32313 22855.71229 22934.75340 23209.56664 23858.80728 25028.52889 25818.97821 27990.03551 28202.73118 28487.31182 29603.04156 30042.51208 31073.28176 31467.87011 31790.52841 33919.56189 34741.99761 35991.13961 36589.51106 36862.07873 37268.57612 37879.02186 38810.73621 39237.35331 39683.85791 40497.39571 41958.85523 42481.24411 42912.59777 43666.68066 44053.45091 44543.36433 45167.68748 45871.62661 47379.93565 48792.56393 49092.98222 50243.66746 51094.13783 52276.07569 53843.93350 56130.17546 57778.93713 60912.73418 62657.73807 64880.00580 70616.83834 73881.05402 76429.73115 80709.37394 86427.29466 101709.2093 105223.5393 129090.9897 146837.5686 361549.2839
