    unsorted:	 3.386981419e-05 1.218904027 2.392561471 13.38536498 20.83376385 46.69472675 39.79652823 60.25785940 62.72264568 84.80193823 111.0654214 108.3455863 116.1022924 167.7131917 179.5723278 212.6314679 243.0326754 285.5283540 306.1618536 337.5780382 373.5047689 391.4530090 410.6174281 406.7728296 428.3199250 456.8506777 474.2807303 479.2550191 502.0675470 520.2036493 540.2376709 537.8980920 556.4697319 573.6052494 590.4812173 604.9639427 612.6966240 783.0887860 1144.423663 1326.093018 1387.763916 1509.007474 1550.564599 1641.703574 1700.172782 1919.061914 2124.283792 2134.020605 2322.929485 2651.686024 2932.616257 3185.234674 3331.646666 3579.776794 3976.389423 4912.024264 5104.570968 5334.015789 5764.891609 6215.824006 6322.605733 6420.325679 6756.545989 7686.387949 8017.475952 8851.768922 10082.79268 10921.81455 14496.58878 15217.83696 16929.63973 18705.39089 19204.94134 19314.06951 20855.08404 21436.37184 22650.44816 23127.21144 23092.81460 24051.63889 25394.96392 26060.26467 26661.30738 28573.77565 27901.94010 29284.93855 29852.05769 30176.55359 31471.91858 31750.47014 34457.10573 34250.46556 35374.65030 36857.56336 37101.48465 37234.61168 37654.18218 38014.73855 38473.56601 38988.37132 40653.12904 40909.51741 42480.56659 42899.69028 43361.14861 43650.31813 44355.87209 45062.34526 45739.09724 47904.30521 48970.62654 49182.63121 49491.33176 50637.84004 52954.80102 55085.84814 55496.08971 58331.84009 62800.14610 63689.82954 66093.18779 72121.10429 75860.11621 77108.69723 80708.57181 88589.46327 103603.0000 106774.6879 129583.6476 145451.3255 352557.2618
      sorted:	 3.386981419e-05 1.218904027 2.392561471 13.38536498 20.83376385 39.79652823 46.69472675 60.25785940 62.72264568 84.80193823 108.3455863 111.0654214 116.1022924 167.7131917 179.5723278 212.6314679 243.0326754 285.5283540 306.1618536 337.5780382 373.5047689 391.4530090 406.7728296 410.6174281 428.3199250 456.8506777 474.2807303 479.2550191 502.0675470 520.2036493 537.8980920 540.2376709 556.4697319 573.6052494 590.4812173 604.9639427 612.6966240 783.0887860 1144.423663 1326.093018 1387.763916 1509.007474 1550.564599 1641.703574 1700.172782 1919.061914 2124.283792 2134.020605 2322.929485 2651.686024 2932.616257 3185.234674 3331.646666 3579.776794 3976.389423 4912.024264 5104.570968 5334.015789 5764.891609 6215.824006 6322.605733 6420.325679 6756.545989 7686.387949 8017.475952 8851.768922 10082.79268 10921.81455 14496.58878 15217.83696 16929.63973 18705.39089 19204.94134 19314.06951 20855.08404 21436.37184 22650.44816 23092.81460 23127.21144 24051.63889 25394.96392 26060.26467 26661.30738 27901.94010 28573.77565 29284.93855 29852.05769 30176.55359 31471.91858 31750.47014 34250.46556 34457.10573 35374.65030 36857.56336 37101.48465 37234.61168 37654.18218 38014.73855 38473.56601 38988.37132 40653.12904 40909.51741 42480.56659 42899.69028 43361.14861 43650.31813 44355.87209 45062.34526 45739.09724 47904.30521 48970.62654 49182.63121 49491.33176 50637.84004 52954.80102 55085.84814 55496.08971 58331.84009 62800.14610 63689.82954 66093.18779 72121.10429 75860.11621 77108.69723 80708.57181 88589.46327 103603.0000 106774.6879 129583.6476 145451.3255 352557.2618
