    unsorted:	 505.0436962 502.6321703 518.2050059 487.4159473 472.7795647 462.0920347 454.3164059 529.7315759 439.3931589 543.6856273 424.5695131 557.6743749 570.5787939 577.5839174 583.6790697 412.3874358 596.4203660 606.3086080 394.2342709 613.4095652 377.1781879 352.3102623 318.7382708 279.9773508 241.4013032 205.7058321 176.8418918 152.3468749 115.3218996 111.5162303 89.67785923 68.80860715 65.67947074 44.94874186 41.22333429 0.0001202418682 11.39858889 776.0240019 1115.145036 1338.712702 1356.764079 1475.185595 1508.118717 1642.183923 1685.458927 1938.830613 2118.902833 2084.470799 2282.334013 2599.619293 2918.621643 3183.004600 3301.570377 3558.067830 3936.871403 4882.748433 5119.186163 5276.303383 5737.769625 6269.783775 6431.486425 6707.485268 7616.344699 7981.809787 8723.126321 9995.020823 10709.92427 14319.94965 14785.42277 18211.60581 18145.87811 18560.92986 19988.34436 22605.36953 22409.41247 22125.73682 21445.29680 23221.25611 23661.90125 24121.51295 25144.08464 26602.10637 27699.84315 27798.43987 28518.42769 30366.05593 31097.80351 32592.44976 32831.94093 32886.07221 33994.11070 34933.44521 35386.09976 36768.00683 37211.30416 38979.40008 39687.09158 40772.06548 40412.85814 41216.81338 42565.52182 42429.97363 42935.85784 43787.65736 44769.34885 45775.85290 45925.55629 46332.30004 47546.73868 47847.73558 48451.25559 48870.67012 50004.81296 52718.08172 52815.50403 54904.03198 55655.69284 56795.97343 58939.20929 59056.50304 61677.51142 66004.16742 68738.07466 74214.53374 79866.17356 80717.48088 96473.35172 99518.35773 126848.4085 152848.8920 390306.8662
      sorted:	 0.0001202418682 11.39858889 41.22333429 44.94874186 65.67947074 68.80860715 89.67785923 111.5162303 115.3218996 152.3468749 176.8418918 205.7058321 241.4013032 279.9773508 318.7382708 352.3102623 377.1781879 394.2342709 412.3874358 424.5695131 439.3931589 454.3164059 462.0920347 472.7795647 487.4159473 502.6321703 505.0436962 518.2050059 529.7315759 543.6856273 557.6743749 570.5787939 577.5839174 583.6790697 596.4203660 606.3086080 613.4095652 776.0240019 1115.145036 1338.712702 1356.764079 1475.185595 1508.118717 1642.183923 1685.458927 1938.830613 2084.470799 2118.902833 2282.334013 2599.619293 2918.621643 3183.004600 3301.570377 3558.067830 3936.871403 4882.748433 5119.186163 5276.303383 5737.769625 6269.783775 6431.486425 6707.485268 7616.344699 7981.809787 8723.126321 9995.020823 10709.92427 14319.94965 14785.42277 18145.87811 18211.60581 18560.92986 19988.34436 21445.29680 22125.73682 22409.41247 22605.36953 23221.25611 23661.90125 24121.51295 25144.08464 26602.10637 27699.84315 27798.43987 28518.42769 30366.05593 31097.80351 32592.44976 32831.94093 32886.07221 33994.11070 34933.44521 35386.09976 36768.00683 37211.30416 38979.40008 39687.09158 40412.85814 40772.06548 41216.81338 42429.97363 42565.52182 42935.85784 43787.65736 44769.34885 45775.85290 45925.55629 46332.30004 47546.73868 47847.73558 48451.25559 48870.67012 50004.81296 52718.08172 52815.50403 54904.03198 55655.69284 56795.97343 58939.20929 59056.50304 61677.51142 66004.16742 68738.07466 74214.53374 79866.17356 80717.48088 96473.35172 99518.35773 126848.4085 152848.8920 390306.8662
