    unsorted:	 530.9762467 529.9793869 540.9742762 517.9487964 548.9918272 505.3112913 491.6132347 483.8063973 480.3385480 472.1414281 560.4367024 463.4281584 572.0032444 582.0426822 448.5233972 592.8212981 597.9465470 602.5535378 609.4378349 616.8586407 436.9785667 417.9074531 391.8360435 349.7949189 317.5266602 283.4372556 223.2603070 174.9331433 175.5939624 771.3941343 110.0186759 113.6628866 92.08313971 70.63412678 67.63340741 0.0001038921652 41.80195889 21.38975316 1097.261135 1335.954360 1328.120060 1442.969896 1483.979874 1624.259612 1672.215494 1937.514764 2106.695370 2048.668857 2249.920687 2561.825728 2906.547150 3170.883211 3271.276290 3537.286260 3906.200601 4853.874271 5112.989174 5244.846637 5715.692810 6239.873265 6432.684133 6673.674176 7583.637066 7957.930078 8655.347451 9912.015863 10634.84304 14459.07987 17717.83842 17652.51542 17054.69521 19753.46228 21340.70034 21638.33070 22051.75453 22476.52112 22824.16963 23274.81407 23717.11646 24835.60280 26341.29097 27208.93314 27455.82919 27947.40218 29616.85277 30247.69076 30900.67209 32027.06511 32266.58890 33867.67453 34386.77765 35310.18692 35932.19052 36816.78389 38300.65351 38539.97675 40158.75285 40842.55011 42055.60826 42384.34866 43428.53014 43686.49708 44113.07097 44733.86506 45471.51465 46513.20433 46720.27161 47314.13728 48868.64889 49923.96747 50416.40114 51125.16424 51513.86419 52163.84941 53909.50817 54612.19249 55573.74489 56980.88374 57512.82349 59784.74501 60989.25306 63744.00087 66554.12203 72392.40159 75769.15029 80723.32182 93106.58612 95445.71868 125313.2909 158857.0335 422950.3573
      sorted:	 0.0001038921652 21.38975316 41.80195889 67.63340741 70.63412678 92.08313971 110.0186759 113.6628866 174.9331433 175.5939624 223.2603070 283.4372556 317.5266602 349.7949189 391.8360435 417.9074531 436.9785667 448.5233972 463.4281584 472.1414281 480.3385480 483.8063973 491.6132347 505.3112913 517.9487964 529.9793869 530.9762467 540.9742762 548.9918272 560.4367024 572.0032444 582.0426822 592.8212981 597.9465470 602.5535378 609.4378349 616.8586407 771.3941343 1097.261135 1328.120060 1335.954360 1442.969896 1483.979874 1624.259612 1672.215494 1937.514764 2048.668857 2106.695370 2249.920687 2561.825728 2906.547150 3170.883211 3271.276290 3537.286260 3906.200601 4853.874271 5112.989174 5244.846637 5715.692810 6239.873265 6432.684133 6673.674176 7583.637066 7957.930078 8655.347451 9912.015863 10634.84304 14459.07987 17054.69521 17652.51542 17717.83842 19753.46228 21340.70034 21638.33070 22051.75453 22476.52112 22824.16963 23274.81407 23717.11646 24835.60280 26341.29097 27208.93314 27455.82919 27947.40218 29616.85277 30247.69076 30900.67209 32027.06511 32266.58890 33867.67453 34386.77765 35310.18692 35932.19052 36816.78389 38300.65351 38539.97675 40158.75285 40842.55011 42055.60826 42384.34866 43428.53014 43686.49708 44113.07097 44733.86506 45471.51465 46513.20433 46720.27161 47314.13728 48868.64889 49923.96747 50416.40114 51125.16424 51513.86419 52163.84941 53909.50817 54612.19249 55573.74489 56980.88374 57512.82349 59784.74501 60989.25306 63744.00087 66554.12203 72392.40159 75769.15029 80723.32182 93106.58612 95445.71868 125313.2909 158857.0335 422950.3573
