    unsorted:	 472.6396568 457.8915077 450.7080935 490.8012593 495.4560394 508.0354002 438.2803810 522.1641368 537.1310940 419.0729982 403.6794434 551.8273129 567.8646441 566.3199054 580.3535643 385.3659748 594.3151679 368.6711543 605.5388485 612.7607587 345.2627111 317.1161058 282.9751236 245.8541692 203.8450616 166.6043174 177.4954958 123.0522628 110.9674218 89.61827514 88.17877544 65.21270001 51.83665037 3.111201024e-05 40.91757723 34.45057722 7.676549312 778.0282967 1123.184089 1337.642853 1367.314099 1487.873911 1518.398643 1646.063732 1690.255814 1936.468726 2122.638317 2099.030876 2295.014125 2615.080729 2923.298720 3185.990769 3312.308365 3565.888923 3949.080295 4893.324623 5118.547104 5291.322472 5746.455614 6284.200943 6428.322994 6721.772101 7633.343029 7991.905324 8756.247494 10025.77827 10755.85607 12517.35848 14908.07035 17383.24058 18473.02296 18412.28738 19574.65646 21150.20906 22101.07961 22360.00936 22602.18767 22846.41335 23478.69954 24032.81902 25164.08691 25678.46257 27868.68705 27995.99458 28796.20744 31120.66051 31224.61048 30485.06362 32671.11772 33402.55331 33321.24362 35125.07168 35477.62723 35896.97672 37449.68133 38765.87858 39100.54468 39360.58093 40427.13710 41459.36650 41698.36084 42270.41893 42505.64052 42807.74643 44390.56221 45077.79814 46305.70576 46247.82247 47218.14785 47157.62602 47720.83130 48456.98829 49973.87430 52022.24705 52298.09358 54199.93446 56544.47961 57578.13880 58096.07332 60304.34429 62669.63630 67437.12932 70168.70044 74997.59022 80712.22267 82041.82357 98123.85221 101511.4817 127598.0472 150465.9265 377982.6189
      sorted:	 3.111201024e-05 7.676549312 34.45057722 40.91757723 51.83665037 65.21270001 88.17877544 89.61827514 110.9674218 123.0522628 166.6043174 177.4954958 203.8450616 245.8541692 282.9751236 317.1161058 345.2627111 368.6711543 385.3659748 403.6794434 419.0729982 438.2803810 450.7080935 457.8915077 472.6396568 490.8012593 495.4560394 508.0354002 522.1641368 537.1310940 551.8273129 566.3199054 567.8646441 580.3535643 594.3151679 605.5388485 612.7607587 778.0282967 1123.184089 1337.642853 1367.314099 1487.873911 1518.398643 1646.063732 1690.255814 1936.468726 2099.030876 2122.638317 2295.014125 2615.080729 2923.298720 3185.990769 3312.308365 3565.888923 3949.080295 4893.324623 5118.547104 5291.322472 5746.455614 6284.200943 6428.322994 6721.772101 7633.343029 7991.905324 8756.247494 10025.77827 10755.85607 12517.35848 14908.07035 17383.24058 18412.28738 18473.02296 19574.65646 21150.20906 22101.07961 22360.00936 22602.18767 22846.41335 23478.69954 24032.81902 25164.08691 25678.46257 27868.68705 27995.99458 28796.20744 30485.06362 31120.66051 31224.61048 32671.11772 33321.24362 33402.55331 35125.07168 35477.62723 35896.97672 37449.68133 38765.87858 39100.54468 39360.58093 40427.13710 41459.36650 41698.36084 42270.41893 42505.64052 42807.74643 44390.56221 45077.79814 46247.82247 46305.70576 47157.62602 47218.14785 47720.83130 48456.98829 49973.87430 52022.24705 52298.09358 54199.93446 56544.47961 57578.13880 58096.07332 60304.34429 62669.63630 67437.12932 70168.70044 74997.59022 80712.22267 82041.82357 98123.85221 101511.4817 127598.0472 150465.9265 377982.6189
