    unsorted:	 6.881938059e-05 7.584475510 2.175989474 12.13149265 16.26941250 43.13677104 48.79461656 39.33423168 61.10582431 94.59181024 83.61237673 105.0691549 108.2926774 139.8843752 204.0557535 212.7990464 180.2969885 252.7962303 297.0257894 311.2902692 360.2148179 375.6433360 385.2732144 403.2719507 410.5568193 441.1135719 467.4591376 471.2363777 492.3247293 512.2127621 535.6415976 532.8448340 551.8262843 570.8416572 588.7169919 604.7045175 612.6187058 784.6659292 1151.019650 1320.423551 1392.626953 1511.954055 1562.559859 1637.329881 1703.091411 1911.095912 2123.249407 2143.464036 2330.787751 2662.214221 2934.620771 3183.273363 3336.062452 3582.316654 3983.982087 4915.906614 5098.104026 5348.329268 5769.640928 6207.376374 6333.412171 6422.010885 6767.332444 7705.270747 8025.167782 8882.583772 10093.88544 10982.69330 14367.67143 15236.72477 16118.75384 17818.13920 19470.62324 19592.61294 20446.66581 21491.68651 22519.84593 23299.69405 23373.62803 24229.89515 26220.28965 25747.62630 26362.49883 27064.48801 28121.51011 28773.09968 29755.25375 30403.64995 31688.22914 31901.88481 33021.76026 35598.40380 34594.79232 36356.33581 36845.04577 37086.57484 37567.77435 37766.25486 38191.72467 39529.07893 39286.75137 41461.30595 41232.11085 42301.48598 43513.67420 43900.84566 44188.04259 45052.59468 46265.52569 48390.82503 48693.22808 49013.86551 49124.77767 50602.41786 53178.23155 54480.02467 55904.00702 58900.40148 64205.84036 64873.29522 67095.63566 73440.02309 76420.86929 77797.60171 80708.17156 90630.04954 105269.2600 107670.9939 129256.1923 143810.3304 333314.3362
      sorted:	 6.881938059e-05 2.175989474 7.584475510 12.13149265 16.26941250 39.33423168 43.13677104 48.79461656 61.10582431 83.61237673 94.59181024 105.0691549 108.2926774 139.8843752 180.2969885 204.0557535 212.7990464 252.7962303 297.0257894 311.2902692 360.2148179 375.6433360 385.2732144 403.2719507 410.5568193 441.1135719 467.4591376 471.2363777 492.3247293 512.2127621 532.8448340 535.6415976 551.8262843 570.8416572 588.7169919 604.7045175 612.6187058 784.6659292 1151.019650 1320.423551 1392.626953 1511.954055 1562.559859 1637.329881 1703.091411 1911.095912 2123.249407 2143.464036 2330.787751 2662.214221 2934.620771 3183.273363 3336.062452 3582.316654 3983.982087 4915.906614 5098.104026 5348.329268 5769.640928 6207.376374 6333.412171 6422.010885 6767.332444 7705.270747 8025.167782 8882.583772 10093.88544 10982.69330 14367.67143 15236.72477 16118.75384 17818.13920 19470.62324 19592.61294 20446.66581 21491.68651 22519.84593 23299.69405 23373.62803 24229.89515 25747.62630 26220.28965 26362.49883 27064.48801 28121.51011 28773.09968 29755.25375 30403.64995 31688.22914 31901.88481 33021.76026 34594.79232 35598.40380 36356.33581 36845.04577 37086.57484 37567.77435 37766.25486 38191.72467 39286.75137 39529.07893 41232.11085 41461.30595 42301.48598 43513.67420 43900.84566 44188.04259 45052.59468 46265.52569 48390.82503 48693.22808 49013.86551 49124.77767 50602.41786 53178.23155 54480.02467 55904.00702 58900.40148 64205.84036 64873.29522 67095.63566 73440.02309 76420.86929 77797.60171 80708.17156 90630.04954 105269.2600 107670.9939 129256.1923 143810.3304 333314.3362
