    unsorted:	 442.6555374 437.4630527 457.7805265 423.3435545 479.7816978 487.5769554 498.2718297 515.4771552 399.8624833 384.3015259 531.3864366 546.6145514 558.1987726 562.8555306 577.6811584 356.4593668 344.1105240 592.7332574 605.1246719 612.5140680 311.9729465 279.9805385 247.4934359 207.7176682 169.1455550 178.1689994 127.0500710 97.25205602 110.4171984 87.17731673 65.72288416 64.10167188 7.026445534e-05 38.03707939 40.62404546 24.66553268 4.631006071 779.8570703 1130.704161 1335.093384 1375.803099 1497.761650 1528.617564 1646.983207 1694.233163 1932.261741 2124.970624 2111.648437 2305.804804 2628.720309 2927.153149 3187.202441 3320.656114 3572.064492 3959.576180 4901.615549 5115.691328 5305.912774 5753.773130 6298.009362 6424.464705 6734.555474 7650.695137 8000.756468 8788.704489 10049.57547 10416.47731 10814.71821 15021.39903 16281.58927 18690.13109 18653.00179 18897.61656 21029.41324 21765.69525 21622.62903 22774.13221 22612.61922 23660.80878 23956.86883 24781.41132 25624.90205 28021.72062 28289.72813 29163.28126 29604.39650 31281.62497 30510.96178 31753.13022 33307.10602 33638.79550 34030.97538 36028.41839 36406.75872 37507.75085 37731.89290 37999.88057 39224.72997 40239.69771 40439.94751 40995.48176 41976.23540 42573.77597 43280.02720 43421.30553 44603.12095 45033.31296 46102.50672 46675.17527 46859.82277 48213.68673 48898.36511 50539.09574 51310.74357 51729.54251 53725.70531 56879.03153 57338.16359 59177.60756 61514.64728 63727.92588 69014.86949 71862.86818 75730.75692 80710.71262 84234.35014 99799.10003 103412.0867 128317.4933 148466.4772 366517.3389
      sorted:	 7.026445534e-05 4.631006071 24.66553268 38.03707939 40.62404546 64.10167188 65.72288416 87.17731673 97.25205602 110.4171984 127.0500710 169.1455550 178.1689994 207.7176682 247.4934359 279.9805385 311.9729465 344.1105240 356.4593668 384.3015259 399.8624833 423.3435545 437.4630527 442.6555374 457.7805265 479.7816978 487.5769554 498.2718297 515.4771552 531.3864366 546.6145514 558.1987726 562.8555306 577.6811584 592.7332574 605.1246719 612.5140680 779.8570703 1130.704161 1335.093384 1375.803099 1497.761650 1528.617564 1646.983207 1694.233163 1932.261741 2111.648437 2124.970624 2305.804804 2628.720309 2927.153149 3187.202441 3320.656114 3572.064492 3959.576180 4901.615549 5115.691328 5305.912774 5753.773130 6298.009362 6424.464705 6734.555474 7650.695137 8000.756468 8788.704489 10049.57547 10416.47731 10814.71821 15021.39903 16281.58927 18653.00179 18690.13109 18897.61656 21029.41324 21622.62903 21765.69525 22612.61922 22774.13221 23660.80878 23956.86883 24781.41132 25624.90205 28021.72062 28289.72813 29163.28126 29604.39650 30510.96178 31281.62497 31753.13022 33307.10602 33638.79550 34030.97538 36028.41839 36406.75872 37507.75085 37731.89290 37999.88057 39224.72997 40239.69771 40439.94751 40995.48176 41976.23540 42573.77597 43280.02720 43421.30553 44603.12095 45033.31296 46102.50672 46675.17527 46859.82277 48213.68673 48898.36511 50539.09574 51310.74357 51729.54251 53725.70531 56879.03153 57338.16359 59177.60756 61514.64728 63727.92588 69014.86949 71862.86818 75730.75692 80710.71262 84234.35014 99799.10003 103412.0867 128317.4933 148466.4772 366517.3389
