    unsorted:	 0.0001188581787 1.957181821 13.49421120 12.69052068 10.66252791 40.68810449 37.18990446 38.99302135 59.95236150 78.78391722 82.45939829 96.88914745 107.3808026 115.1792739 181.5511786 181.0364040 197.9201477 220.6404745 293.6240623 278.2947153 337.3616561 360.0090951 373.0527028 394.0769992 396.9126151 424.3613727 457.2244291 467.2323497 482.3800030 504.3833442 530.7074929 528.6891175 547.5089228 568.6622290 587.4207316 604.7099975 612.8137763 786.1321805 1157.247788 1313.592949 1396.270019 1513.224812 1574.486479 1631.332554 1705.376864 1901.795159 2120.850142 2152.119464 2337.635073 2671.718557 2935.950328 3180.085433 3339.148294 3583.255951 3990.531200 4917.544583 5090.208877 5362.348212 5773.501132 6197.660483 6340.543122 6427.991867 6777.318740 7724.482911 8032.246682 8912.566974 10102.29345 11044.38924 14239.71414 15244.83086 15189.20601 16862.82853 20045.33615 19842.30036 19661.65209 21544.60335 22617.27778 23496.52537 23629.27750 25733.93839 24365.35082 26000.67661 26107.73130 26738.27178 26921.42846 28979.79827 29904.03163 30690.63085 31598.00038 31938.30231 32080.44050 34879.59270 35336.23804 35650.29162 35974.19585 36816.05067 37558.30334 38354.23909 38345.92033 38733.48129 39685.04576 40447.52510 41235.80829 41778.60903 43102.46289 44084.49887 44941.05843 45033.68567 47026.17245 48026.52946 48559.42509 49153.84863 49072.83137 50915.80336 53356.97101 53982.82041 56454.02434 59490.29071 64916.62202 66576.13838 68321.64163 74751.50117 77000.85096 78501.47521 80708.19351 92648.85626 107063.8491 108723.8152 129169.6963 142395.0961 324518.9891
      sorted:	 0.0001188581787 1.957181821 10.66252791 12.69052068 13.49421120 37.18990446 38.99302135 40.68810449 59.95236150 78.78391722 82.45939829 96.88914745 107.3808026 115.1792739 181.0364040 181.5511786 197.9201477 220.6404745 278.2947153 293.6240623 337.3616561 360.0090951 373.0527028 394.0769992 396.9126151 424.3613727 457.2244291 467.2323497 482.3800030 504.3833442 528.6891175 530.7074929 547.5089228 568.6622290 587.4207316 604.7099975 612.8137763 786.1321805 1157.247788 1313.592949 1396.270019 1513.224812 1574.486479 1631.332554 1705.376864 1901.795159 2120.850142 2152.119464 2337.635073 2671.718557 2935.950328 3180.085433 3339.148294 3583.255951 3990.531200 4917.544583 5090.208877 5362.348212 5773.501132 6197.660483 6340.543122 6427.991867 6777.318740 7724.482911 8032.246682 8912.566974 10102.29345 11044.38924 14239.71414 15189.20601 15244.83086 16862.82853 19661.65209 19842.30036 20045.33615 21544.60335 22617.27778 23496.52537 23629.27750 24365.35082 25733.93839 26000.67661 26107.73130 26738.27178 26921.42846 28979.79827 29904.03163 30690.63085 31598.00038 31938.30231 32080.44050 34879.59270 35336.23804 35650.29162 35974.19585 36816.05067 37558.30334 38345.92033 38354.23909 38733.48129 39685.04576 40447.52510 41235.80829 41778.60903 43102.46289 44084.49887 44941.05843 45033.68567 47026.17245 48026.52946 48559.42509 49072.83137 49153.84863 50915.80336 53356.97101 53982.82041 56454.02434 59490.29071 64916.62202 66576.13838 68321.64163 74751.50117 77000.85096 78501.47521 80708.19351 92648.85626 107063.8491 108723.8152 129169.6963 142395.0961 324518.9891
