    unsorted:	 4.500075149e-05 18.99125692 1.731408109 10.61397318 8.319866276 28.14963142 37.23605722 38.36808218 58.64122132 65.44743125 86.49960075 81.29236497 95.90834003 106.6029083 152.6155185 189.0440207 191.2713449 181.7968944 250.4271952 284.8842864 311.7458698 335.4749548 369.8173916 379.9699967 390.8135426 406.2396157 447.5816791 462.8018780 472.1605474 496.7114751 525.6817843 524.6348346 543.6401618 566.8652968 586.5319141 604.9021799 613.2234178 787.4977658 1163.124399 1305.706371 1398.822400 1513.106703 1623.936389 1586.202381 1707.091401 1891.344717 2117.812693 2159.924258 2343.610474 2680.319155 2936.622053 3175.855299 3341.072382 3582.637245 3996.137356 4916.829697 5081.417591 5376.096114 5776.551685 6187.608212 6343.311199 6438.615984 6786.624526 7744.010285 8038.712799 8941.639225 10108.80123 11106.25672 14076.15858 14339.92612 15061.12455 15854.04140 19342.81532 20226.75580 20079.60545 21585.29595 22799.91428 23680.04168 23867.67594 24339.15824 24994.46306 25128.09174 26058.14618 26347.96429 27185.52619 29196.83486 30067.33676 30256.61284 30991.48195 32282.12594 32171.28383 34247.00602 34490.12418 35342.80006 36107.62937 36362.06785 37217.66579 38116.50914 38954.43630 39302.68266 39531.47640 40034.89286 40374.78691 42130.08997 42696.30994 44338.09274 45040.74468 45604.34426 47040.76590 47773.59349 48855.90711 49257.96181 49584.86040 51362.24455 52862.38885 54346.80263 57011.98572 60099.61317 65586.14207 67890.41419 69975.27342 76011.59071 77646.87302 79254.16520 80708.63291 94629.34364 108607.4134 110447.1628 129475.3043 141187.1317 333127.5047
      sorted:	 4.500075149e-05 1.731408109 8.319866276 10.61397318 18.99125692 28.14963142 37.23605722 38.36808218 58.64122132 65.44743125 81.29236497 86.49960075 95.90834003 106.6029083 152.6155185 181.7968944 189.0440207 191.2713449 250.4271952 284.8842864 311.7458698 335.4749548 369.8173916 379.9699967 390.8135426 406.2396157 447.5816791 462.8018780 472.1605474 496.7114751 524.6348346 525.6817843 543.6401618 566.8652968 586.5319141 604.9021799 613.2234178 787.4977658 1163.124399 1305.706371 1398.822400 1513.106703 1586.202381 1623.936389 1707.091401 1891.344717 2117.812693 2159.924258 2343.610474 2680.319155 2936.622053 3175.855299 3341.072382 3582.637245 3996.137356 4916.829697 5081.417591 5376.096114 5776.551685 6187.608212 6343.311199 6438.615984 6786.624526 7744.010285 8038.712799 8941.639225 10108.80123 11106.25672 14076.15858 14339.92612 15061.12455 15854.04140 19342.81532 20079.60545 20226.75580 21585.29595 22799.91428 23680.04168 23867.67594 24339.15824 24994.46306 25128.09174 26058.14618 26347.96429 27185.52619 29196.83486 30067.33676 30256.61284 30991.48195 32171.28383 32282.12594 34247.00602 34490.12418 35342.80006 36107.62937 36362.06785 37217.66579 38116.50914 38954.43630 39302.68266 39531.47640 40034.89286 40374.78691 42130.08997 42696.30994 44338.09274 45040.74468 45604.34426 47040.76590 47773.59349 48855.90711 49257.96181 49584.86040 51362.24455 52862.38885 54346.80263 57011.98572 60099.61317 65586.14207 67890.41419 69975.27342 76011.59071 77646.87302 79254.16520 80708.63291 94629.34364 108607.4134 110447.1628 129475.3043 141187.1317 333127.5047
