    unsorted:	 632.3547319 634.1051058 635.4784275 629.4686217 626.8715833 638.8707304 642.5249706 643.7308368 646.6333443 648.6766961 649.4958208 622.5551471 653.2350290 654.9433782 618.2894295 615.3405099 658.2351675 608.5861867 604.0676011 601.4617130 598.8075414 597.6144803 582.8522267 676.7537986 576.8663768 706.1373395 718.1453063 542.7228588 524.1661772 735.4251857 507.7028511 488.3721183 791.5438821 818.0971470 432.0162260 833.9385794 361.1574495 298.5836387 269.1103004 170.0126551 166.5681388 186.0963434 110.5838917 109.8612559 1018.252971 62.99066193 51.62997770 1.517886041 23.82406233 1250.452156 1353.193245 1731.872792 2066.301818 2236.149695 2469.623707 3514.731592 3596.077240 3909.843517 4721.353384 5207.835874 6035.690731 6805.155440 6862.655048 6590.001328 8174.992720 8245.410762 8446.454372 11330.43637 12350.65586 13070.94931 14938.02476 16147.46388 17414.77395 19200.02333 19328.44272 20035.16111 21152.28253 21243.90631 22440.46242 22925.74913 24440.46584 27720.66546 26268.04487 28264.58075 32612.07174 32937.45605 32006.99888 33896.33579 34381.12558 34689.76357 36123.70253 36960.41521 39113.85783 39083.00023 38307.63886 40782.31811 42264.04565 42128.28250 43708.64557 45163.09423 47326.03882 47104.53288 47396.67555 48865.51281 50711.18150 50402.73568 51142.83052 51639.79109 52157.73818 52804.02436 54277.14922 55304.57441 56449.95816 57067.28744 57414.22205 57675.39768 60417.11086 68691.54868 79420.90710 84712.52357 88767.74600 97928.50028 104776.7705 118765.7208 147049.4096 173182.5688 353403.0554 560291.0069 706282.5612 746340.1292
      sorted:	 1.517886041 23.82406233 51.62997770 62.99066193 109.8612559 110.5838917 166.5681388 170.0126551 186.0963434 269.1103004 298.5836387 361.1574495 432.0162260 488.3721183 507.7028511 524.1661772 542.7228588 576.8663768 582.8522267 597.6144803 598.8075414 601.4617130 604.0676011 608.5861867 615.3405099 618.2894295 622.5551471 626.8715833 629.4686217 632.3547319 634.1051058 635.4784275 638.8707304 642.5249706 643.7308368 646.6333443 648.6766961 649.4958208 653.2350290 654.9433782 658.2351675 676.7537986 706.1373395 718.1453063 735.4251857 791.5438821 818.0971470 833.9385794 1018.252971 1250.452156 1353.193245 1731.872792 2066.301818 2236.149695 2469.623707 3514.731592 3596.077240 3909.843517 4721.353384 5207.835874 6035.690731 6590.001328 6805.155440 6862.655048 8174.992720 8245.410762 8446.454372 11330.43637 12350.65586 13070.94931 14938.02476 16147.46388 17414.77395 19200.02333 19328.44272 20035.16111 21152.28253 21243.90631 22440.46242 22925.74913 24440.46584 26268.04487 27720.66546 28264.58075 32006.99888 32612.07174 32937.45605 33896.33579 34381.12558 34689.76357 36123.70253 36960.41521 38307.63886 39083.00023 39113.85783 40782.31811 42128.28250 42264.04565 43708.64557 45163.09423 47104.53288 47326.03882 47396.67555 48865.51281 50402.73568 50711.18150 51142.83052 51639.79109 52157.73818 52804.02436 54277.14922 55304.57441 56449.95816 57067.28744 57414.22205 57675.39768 60417.11086 68691.54868 79420.90710 84712.52357 88767.74600 97928.50028 104776.7705 118765.7208 147049.4096 173182.5688 353403.0554 560291.0069 706282.5612 746340.1292
