    unsorted:	 665.9972698 666.3197035 663.4416572 661.3628106 670.1682752 672.7953229 656.6422486 650.1920552 678.9384190 679.6561458 642.1500305 632.8544352 616.0795852 614.3355649 622.5824286 608.6908576 603.5588766 601.5069367 593.2549082 587.3443144 578.5764288 576.1967248 570.5008940 561.6825103 554.4483735 547.3564508 726.8955954 522.9209054 739.5575269 511.8158349 495.0596385 809.4208979 840.0394375 408.6349205 893.4831626 361.8351583 984.6019184 943.1961235 281.8911771 236.0445127 186.4547114 164.3865814 77.00227708 108.3563225 30.95559472 65.05076888 50.24543793 14.21721138 20.20956511 1089.112766 1426.839217 1969.456772 2126.273568 2561.924042 2651.280216 3927.168325 3894.397637 3988.822214 4828.827750 5460.434188 6118.426177 6449.400587 6873.996982 6970.839719 7931.051644 8395.098052 10630.60240 11355.71569 11784.60570 12134.71458 12936.16371 15712.23309 16098.14520 16732.29062 19393.43856 19704.20991 20082.61108 21478.00963 21540.89024 22182.37353 24212.44119 24446.96843 25606.28941 26257.00829 26493.05068 27490.06793 28698.89162 30912.89972 31275.14270 31890.14513 32676.43367 34204.79959 36439.82046 37479.53452 38132.04757 39632.99499 41212.86772 42358.75505 42914.96148 45560.32059 45342.92446 46551.36961 47634.29542 49500.64529 50424.38266 51691.40823 53354.90825 54038.53616 55928.91735 56631.74459 60168.13101 61110.38179 63509.15649 66226.38868 70873.27228 73484.15648 75607.84021 78454.94896 79535.23270 80838.17447 82722.89737 93893.30837 105027.4705 117248.4412 138450.3512 188151.7908 240514.1613 476684.2735 481981.5876 1089399.154
      sorted:	 14.21721138 20.20956511 30.95559472 50.24543793 65.05076888 77.00227708 108.3563225 164.3865814 186.4547114 236.0445127 281.8911771 361.8351583 408.6349205 495.0596385 511.8158349 522.9209054 547.3564508 554.4483735 561.6825103 570.5008940 576.1967248 578.5764288 587.3443144 593.2549082 601.5069367 603.5588766 608.6908576 614.3355649 616.0795852 622.5824286 632.8544352 642.1500305 650.1920552 656.6422486 661.3628106 663.4416572 665.9972698 666.3197035 670.1682752 672.7953229 678.9384190 679.6561458 726.8955954 739.5575269 809.4208979 840.0394375 893.4831626 943.1961235 984.6019184 1089.112766 1426.839217 1969.456772 2126.273568 2561.924042 2651.280216 3894.397637 3927.168325 3988.822214 4828.827750 5460.434188 6118.426177 6449.400587 6873.996982 6970.839719 7931.051644 8395.098052 10630.60240 11355.71569 11784.60570 12134.71458 12936.16371 15712.23309 16098.14520 16732.29062 19393.43856 19704.20991 20082.61108 21478.00963 21540.89024 22182.37353 24212.44119 24446.96843 25606.28941 26257.00829 26493.05068 27490.06793 28698.89162 30912.89972 31275.14270 31890.14513 32676.43367 34204.79959 36439.82046 37479.53452 38132.04757 39632.99499 41212.86772 42358.75505 42914.96148 45342.92446 45560.32059 46551.36961 47634.29542 49500.64529 50424.38266 51691.40823 53354.90825 54038.53616 55928.91735 56631.74459 60168.13101 61110.38179 63509.15649 66226.38868 70873.27228 73484.15648 75607.84021 78454.94896 79535.23270 80838.17447 82722.89737 93893.30837 105027.4705 117248.4412 138450.3512 188151.7908 240514.1613 476684.2735 481981.5876 1089399.154
