    unsorted:	 649.2415653 650.6912728 652.4573577 654.0215009 646.7849352 644.4622577 655.8813980 642.2437139 639.3019635 639.4830601 637.6363627 657.9768666 660.4564302 632.9000787 630.2019031 627.5904687 664.5981842 623.5855945 621.6579799 667.5743618 617.9742423 675.9663058 679.6719861 608.9380633 609.4976041 602.0250104 587.4588298 573.0996616 559.5333077 723.7209797 737.6306159 533.8777224 753.0590539 512.9109877 776.0235938 492.7255755 847.2924348 412.0863316 394.9882697 344.5288174 914.8942154 144.5268944 143.7918614 226.2124582 110.4027790 194.9104788 111.3120584 1031.380836 71.05834041 53.44704248 26.16230778 1249.448102 1298.317546 1986.160672 2372.089265 3049.728432 3279.561093 3804.874030 4597.935175 5102.424367 5918.148628 6731.195512 6768.161926 6540.802056 7052.936274 8406.825453 8789.779616 10362.15544 11542.70241 13447.47360 14951.99072 15489.21483 17809.29557 18194.33405 18693.50124 20574.82862 22341.98160 22932.90304 25686.63542 26359.71316 27679.88151 30335.82489 29448.68591 32349.35328 33391.28857 34394.44231 35144.69320 36507.14685 36572.65050 39208.36950 40050.00104 40442.89404 41881.15487 42005.24424 42998.07998 44094.70178 45409.04659 45976.82380 47323.79373 47668.99448 49759.63560 50653.50720 51244.62035 52095.93621 52698.39556 53462.12216 55722.18301 55320.73164 56865.57664 57759.00055 58094.06705 61198.65776 62141.25089 63506.58392 64329.66090 66010.16090 68817.33515 70944.16710 70829.77940 79093.94598 89379.35472 92616.79269 103732.8995 122376.0591 153200.0552 183852.5637 439028.2977 579470.7280 714971.9278 929548.0357
      sorted:	 26.16230778 53.44704248 71.05834041 110.4027790 111.3120584 143.7918614 144.5268944 194.9104788 226.2124582 344.5288174 394.9882697 412.0863316 492.7255755 512.9109877 533.8777224 559.5333077 573.0996616 587.4588298 602.0250104 608.9380633 609.4976041 617.9742423 621.6579799 623.5855945 627.5904687 630.2019031 632.9000787 637.6363627 639.3019635 639.4830601 642.2437139 644.4622577 646.7849352 649.2415653 650.6912728 652.4573577 654.0215009 655.8813980 657.9768666 660.4564302 664.5981842 667.5743618 675.9663058 679.6719861 723.7209797 737.6306159 753.0590539 776.0235938 847.2924348 914.8942154 1031.380836 1249.448102 1298.317546 1986.160672 2372.089265 3049.728432 3279.561093 3804.874030 4597.935175 5102.424367 5918.148628 6540.802056 6731.195512 6768.161926 7052.936274 8406.825453 8789.779616 10362.15544 11542.70241 13447.47360 14951.99072 15489.21483 17809.29557 18194.33405 18693.50124 20574.82862 22341.98160 22932.90304 25686.63542 26359.71316 27679.88151 29448.68591 30335.82489 32349.35328 33391.28857 34394.44231 35144.69320 36507.14685 36572.65050 39208.36950 40050.00104 40442.89404 41881.15487 42005.24424 42998.07998 44094.70178 45409.04659 45976.82380 47323.79373 47668.99448 49759.63560 50653.50720 51244.62035 52095.93621 52698.39556 53462.12216 55320.73164 55722.18301 56865.57664 57759.00055 58094.06705 61198.65776 62141.25089 63506.58392 64329.66090 66010.16090 68817.33515 70829.77940 70944.16710 79093.94598 89379.35472 92616.79269 103732.8995 122376.0591 153200.0552 183852.5637 439028.2977 579470.7280 714971.9278 929548.0357
