    unsorted:	 645.5083020 647.5041772 649.4167144 651.0354174 643.0332588 640.3186441 637.9634993 635.9444675 634.6912149 632.2569979 653.4815568 655.6134987 658.7091781 626.8222561 624.2288966 621.4245947 618.9549666 663.3741404 666.7318826 613.5733643 609.9249808 677.3935135 600.2035448 682.4838926 590.2321589 584.7595937 582.4533145 694.5628642 571.4582117 731.3521971 538.8645443 772.0006929 497.2754048 790.0896554 456.9949793 445.0343494 822.1070527 368.5482255 324.8708369 306.5322657 171.3510178 137.2765787 163.1462715 193.5757319 106.7417800 110.4693841 987.7682447 65.71984352 52.43871641 24.85938967 1177.944434 1347.242619 1551.965870 2085.665566 2431.086869 3344.782555 3422.515177 3706.006616 4674.844554 4994.492437 5953.825373 6491.171122 6674.252630 6774.772258 6925.737807 8364.412824 8455.214758 10397.07068 11528.95450 13175.21586 13886.89153 15900.98531 17813.34790 18658.37906 19029.36630 20016.98669 21333.71056 23110.11990 24693.41358 26166.90326 27605.73215 28126.36120 30181.69786 32192.85886 33082.26073 34085.98934 34818.52450 36473.22733 36730.43786 38690.95520 40044.04502 39548.26930 41713.90674 41911.93159 42495.12441 43892.67646 45387.47472 45273.77094 47107.12595 47470.04950 48056.28283 50381.37389 50659.78822 51704.00886 52437.68936 52716.00664 54643.48852 55597.56846 56727.78959 57648.24554 57946.89357 60986.18670 62024.43005 63309.97085 64134.66215 65791.67055 68614.38387 70747.17747 70012.07193 79252.32040 86721.42309 90541.44666 101567.7842 118384.1747 150137.9313 175723.2221 419960.8230 577102.7347 710961.7984 919983.7310
      sorted:	 24.85938967 52.43871641 65.71984352 106.7417800 110.4693841 137.2765787 163.1462715 171.3510178 193.5757319 306.5322657 324.8708369 368.5482255 445.0343494 456.9949793 497.2754048 538.8645443 571.4582117 582.4533145 584.7595937 590.2321589 600.2035448 609.9249808 613.5733643 618.9549666 621.4245947 624.2288966 626.8222561 632.2569979 634.6912149 635.9444675 637.9634993 640.3186441 643.0332588 645.5083020 647.5041772 649.4167144 651.0354174 653.4815568 655.6134987 658.7091781 663.3741404 666.7318826 677.3935135 682.4838926 694.5628642 731.3521971 772.0006929 790.0896554 822.1070527 987.7682447 1177.944434 1347.242619 1551.965870 2085.665566 2431.086869 3344.782555 3422.515177 3706.006616 4674.844554 4994.492437 5953.825373 6491.171122 6674.252630 6774.772258 6925.737807 8364.412824 8455.214758 10397.07068 11528.95450 13175.21586 13886.89153 15900.98531 17813.34790 18658.37906 19029.36630 20016.98669 21333.71056 23110.11990 24693.41358 26166.90326 27605.73215 28126.36120 30181.69786 32192.85886 33082.26073 34085.98934 34818.52450 36473.22733 36730.43786 38690.95520 39548.26930 40044.04502 41713.90674 41911.93159 42495.12441 43892.67646 45273.77094 45387.47472 47107.12595 47470.04950 48056.28283 50381.37389 50659.78822 51704.00886 52437.68936 52716.00664 54643.48852 55597.56846 56727.78959 57648.24554 57946.89357 60986.18670 62024.43005 63309.97085 64134.66215 65791.67055 68614.38387 70012.07193 70747.17747 79252.32040 86721.42309 90541.44666 101567.7842 118384.1747 150137.9313 175723.2221 419960.8230 577102.7347 710961.7984 919983.7310
