    unsorted:	 2128.178252 2171.913448 2062.600140 2229.560990 2246.954930 2299.173257 1985.088223 2365.578106 1911.727335 2436.014349 1831.248228 2494.097102 2537.926435 1748.526489 1663.226174 1580.217123 1497.549326 1417.882864 1409.108060 1331.060868 1255.869335 1183.111643 1111.406074 1044.928057 986.4266731 930.6362342 878.7558307 832.1902488 819.2495350 787.8918335 718.3118144 2693.905222 583.5757318 2847.187579 2993.845858 514.9963973 3101.426904 3122.714638 357.8414003 4.284094051e-07 3305.001591 157.1896511 97.00669657 63.52593369 51.54981680 23.50189045 3423.567698 3721.169203 4042.421994 4212.839754 4329.784032 4483.129676 5169.426185 5294.706863 5735.081442 6080.862541 6519.722854 6958.363891 7031.542761 7446.990388 8513.059947 9178.872417 9430.640693 10382.29442 11315.13737 12493.54210 16950.07248 19630.16852 20600.76154 24469.37221 25942.46798 27396.82859 28132.61224 30656.25677 31155.23043 33376.33873 33772.66351 35365.79471 36976.88735 37179.99903 37574.62581 38002.50647 41849.49052 41755.63630 41938.20917 41641.64624 40839.41954 42449.81829 45295.46777 45687.52410 47651.57462 47165.29360 48051.12679 48441.47653 48586.92568 49825.63979 50435.42474 50959.08201 51837.64493 52406.51097 55567.30949 57467.42391 57519.85745 57274.91079 58531.12020 60503.52324 61025.40719 61411.37013 64504.61787 67204.23777 67236.82513 67631.28013 68540.88687 68356.64852 68998.25728 70365.44386 73515.15628 74046.37019 75429.66753 76147.07834 77633.65090 80163.34590 80776.50428 85495.29700 96482.07389 105590.9179 124997.8609 137537.9606 145020.6451 434927.4811
      sorted:	 4.284094051e-07 23.50189045 51.54981680 63.52593369 97.00669657 157.1896511 357.8414003 514.9963973 583.5757318 718.3118144 787.8918335 819.2495350 832.1902488 878.7558307 930.6362342 986.4266731 1044.928057 1111.406074 1183.111643 1255.869335 1331.060868 1409.108060 1417.882864 1497.549326 1580.217123 1663.226174 1748.526489 1831.248228 1911.727335 1985.088223 2062.600140 2128.178252 2171.913448 2229.560990 2246.954930 2299.173257 2365.578106 2436.014349 2494.097102 2537.926435 2693.905222 2847.187579 2993.845858 3101.426904 3122.714638 3305.001591 3423.567698 3721.169203 4042.421994 4212.839754 4329.784032 4483.129676 5169.426185 5294.706863 5735.081442 6080.862541 6519.722854 6958.363891 7031.542761 7446.990388 8513.059947 9178.872417 9430.640693 10382.29442 11315.13737 12493.54210 16950.07248 19630.16852 20600.76154 24469.37221 25942.46798 27396.82859 28132.61224 30656.25677 31155.23043 33376.33873 33772.66351 35365.79471 36976.88735 37179.99903 37574.62581 38002.50647 40839.41954 41641.64624 41755.63630 41849.49052 41938.20917 42449.81829 45295.46777 45687.52410 47165.29360 47651.57462 48051.12679 48441.47653 48586.92568 49825.63979 50435.42474 50959.08201 51837.64493 52406.51097 55567.30949 57274.91079 57467.42391 57519.85745 58531.12020 60503.52324 61025.40719 61411.37013 64504.61787 67204.23777 67236.82513 67631.28013 68356.64852 68540.88687 68998.25728 70365.44386 73515.15628 74046.37019 75429.66753 76147.07834 77633.65090 80163.34590 80776.50428 85495.29700 96482.07389 105590.9179 124997.8609 137537.9606 145020.6451 434927.4811
