    unsorted:	 1.322725466e-06 24.18742142 9.240633794 1.470521917 5.624086545 19.56902312 33.95456705 38.76588189 53.08371279 59.48349241 69.76474543 85.29298083 82.68937147 111.3863047 122.6539544 161.5377765 182.4262460 186.6017881 220.8869668 276.1255366 283.5967826 308.1348097 368.9563256 362.8119308 384.8915857 387.4475102 436.8832717 457.4452909 461.9027067 488.8193825 520.5438023 518.8086985 540.2844182 564.9583544 585.8555411 605.9612687 614.3395340 782.7193650 1163.143060 1298.301995 1401.369859 1524.030708 1618.757251 1602.223071 1711.269702 1882.598890 2050.301025 2116.034714 2323.594345 2438.655567 2993.718381 3172.082574 3362.296640 3545.599869 3678.652316 4485.376962 5003.212968 5073.246434 5514.390716 6164.208354 6296.129733 6440.551813 6671.217670 6932.299400 7625.748159 8070.066408 8806.775250 10016.57093 11004.81029 13231.20048 14006.22885 14657.36510 14882.59123 18951.00109 19961.42737 20458.45483 21587.63647 23942.69333 23895.50661 24124.30415 23481.22188 23106.44714 24851.73752 25706.89051 26645.95534 27551.84720 28803.52214 28539.89864 29475.11648 30636.75978 31310.60713 33132.64169 33296.47518 32380.46019 35006.47920 35381.98571 36086.39321 36530.35270 37465.13606 38708.37905 38855.49360 39066.92322 39430.38191 39799.07480 40345.11456 42380.08320 42780.68774 45102.51744 46363.85881 46308.03212 46163.30851 47861.05076 49735.48970 50185.45545 51395.13801 52030.54594 52721.17806 55145.71167 57701.92422 60860.63785 66417.36400 69118.64563 71987.97629 77554.54975 79409.10738 78777.57335 83786.50115 96585.34744 109662.8502 112053.7029 130403.5988 142827.0198 320108.5372
      sorted:	 1.322725466e-06 1.470521917 5.624086545 9.240633794 19.56902312 24.18742142 33.95456705 38.76588189 53.08371279 59.48349241 69.76474543 82.68937147 85.29298083 111.3863047 122.6539544 161.5377765 182.4262460 186.6017881 220.8869668 276.1255366 283.5967826 308.1348097 362.8119308 368.9563256 384.8915857 387.4475102 436.8832717 457.4452909 461.9027067 488.8193825 518.8086985 520.5438023 540.2844182 564.9583544 585.8555411 605.9612687 614.3395340 782.7193650 1163.143060 1298.301995 1401.369859 1524.030708 1602.223071 1618.757251 1711.269702 1882.598890 2050.301025 2116.034714 2323.594345 2438.655567 2993.718381 3172.082574 3362.296640 3545.599869 3678.652316 4485.376962 5003.212968 5073.246434 5514.390716 6164.208354 6296.129733 6440.551813 6671.217670 6932.299400 7625.748159 8070.066408 8806.775250 10016.57093 11004.81029 13231.20048 14006.22885 14657.36510 14882.59123 18951.00109 19961.42737 20458.45483 21587.63647 23106.44714 23481.22188 23895.50661 23942.69333 24124.30415 24851.73752 25706.89051 26645.95534 27551.84720 28539.89864 28803.52214 29475.11648 30636.75978 31310.60713 32380.46019 33132.64169 33296.47518 35006.47920 35381.98571 36086.39321 36530.35270 37465.13606 38708.37905 38855.49360 39066.92322 39430.38191 39799.07480 40345.11456 42380.08320 42780.68774 45102.51744 46163.30851 46308.03212 46363.85881 47861.05076 49735.48970 50185.45545 51395.13801 52030.54594 52721.17806 55145.71167 57701.92422 60860.63785 66417.36400 69118.64563 71987.97629 77554.54975 78777.57335 79409.10738 83786.50115 96585.34744 109662.8502 112053.7029 130403.5988 142827.0198 320108.5372
