    unsorted:	 700.6020170 705.4901749 694.8739747 689.2637553 712.8983298 680.6740301 718.8940332 669.0692934 730.1047063 657.6117816 741.8842060 644.8647240 757.0633440 765.0853085 770.6663242 627.2942402 599.6477036 792.4141181 572.3441533 525.5082740 845.0073945 499.7262547 919.6236789 434.9413831 394.8270184 322.7885622 267.1949564 224.8130479 179.8101984 172.5589951 112.5866769 101.8447997 78.32455543 0.0001105192161 57.59772276 37.50695298 27.08876788 1155.429518 1583.836606 1709.770166 1779.755371 1803.101961 1941.301781 2025.959350 2071.054071 2290.591416 2516.230161 2724.976024 2909.231051 3118.267802 3393.978362 3635.555615 3790.548037 4236.817355 4716.274516 5261.149490 5655.109353 6035.162771 6374.885819 6491.687856 7202.714540 7993.583675 8048.556150 9193.454341 10336.28699 10961.34744 14969.04386 17152.26523 21168.61746 19532.79091 20457.09713 22246.70051 23506.08473 24134.76231 24742.61086 25894.52499 25719.11466 26293.58710 27251.80264 27648.29595 28055.03768 29494.38567 30174.92966 30950.67006 32088.84034 32906.06877 34854.76629 35508.48329 36228.05073 36617.87835 37105.25651 38782.82124 39932.45594 40295.65783 41179.22323 41043.95100 41475.15397 41863.00176 42004.87982 43537.25766 43796.82123 43949.75862 44495.67892 45351.22592 45776.29900 46952.78669 47722.55542 47832.25494 48394.90976 48589.31860 50122.68242 51831.09560 52259.97166 53985.24095 55793.90156 57767.63182 59471.39167 61574.43699 62869.59044 65542.93437 69785.07395 76587.57397 78507.83518 80699.67194 86995.25123 103304.8586 108947.8416 122772.2066 138137.1273 317583.2914
      sorted:	 0.0001105192161 27.08876788 37.50695298 57.59772276 78.32455543 101.8447997 112.5866769 172.5589951 179.8101984 224.8130479 267.1949564 322.7885622 394.8270184 434.9413831 499.7262547 525.5082740 572.3441533 599.6477036 627.2942402 644.8647240 657.6117816 669.0692934 680.6740301 689.2637553 694.8739747 700.6020170 705.4901749 712.8983298 718.8940332 730.1047063 741.8842060 757.0633440 765.0853085 770.6663242 792.4141181 845.0073945 919.6236789 1155.429518 1583.836606 1709.770166 1779.755371 1803.101961 1941.301781 2025.959350 2071.054071 2290.591416 2516.230161 2724.976024 2909.231051 3118.267802 3393.978362 3635.555615 3790.548037 4236.817355 4716.274516 5261.149490 5655.109353 6035.162771 6374.885819 6491.687856 7202.714540 7993.583675 8048.556150 9193.454341 10336.28699 10961.34744 14969.04386 17152.26523 19532.79091 20457.09713 21168.61746 22246.70051 23506.08473 24134.76231 24742.61086 25719.11466 25894.52499 26293.58710 27251.80264 27648.29595 28055.03768 29494.38567 30174.92966 30950.67006 32088.84034 32906.06877 34854.76629 35508.48329 36228.05073 36617.87835 37105.25651 38782.82124 39932.45594 40295.65783 41043.95100 41179.22323 41475.15397 41863.00176 42004.87982 43537.25766 43796.82123 43949.75862 44495.67892 45351.22592 45776.29900 46952.78669 47722.55542 47832.25494 48394.90976 48589.31860 50122.68242 51831.09560 52259.97166 53985.24095 55793.90156 57767.63182 59471.39167 61574.43699 62869.59044 65542.93437 69785.07395 76587.57397 78507.83518 80699.67194 86995.25123 103304.8586 108947.8416 122772.2066 138137.1273 317583.2914
