    unsorted:	 0.0002149976536 13.63423757 14.06889520 10.16836794 3.337515249 15.82091797 27.58795255 39.48195190 39.29190388 77.48716592 76.55081156 58.22688860 121.0123522 126.1959117 110.2728710 211.8543891 183.5832850 179.8182676 232.0569481 250.7100699 261.7614635 514.2035546 519.0451661 503.9833826 492.9064309 480.6170879 533.6481015 459.2220183 548.2742492 562.1670605 573.7979956 582.6688273 421.4979461 403.1066383 594.9469049 341.8259841 658.1632905 734.8896903 749.7175529 849.0499660 986.3096850 995.7499705 1056.234308 1172.078352 1278.698732 1321.391770 1496.706025 1595.930651 2094.709813 2414.298965 2537.783255 2779.853270 3138.314832 3329.009857 3770.065470 4428.787750 4822.493139 4929.257381 5133.547570 5331.310363 5462.644769 5918.442809 6260.779243 6525.321210 7365.708987 7700.162786 8604.015366 9929.661401 10502.10469 11274.55870 13606.58670 14199.93540 16083.84342 16587.83007 17794.34227 20100.69400 19420.98348 20387.65002 21059.04174 22014.90906 22815.07075 23141.51455 24791.06130 24298.31709 25368.78416 26143.54236 26878.11258 27163.72668 28861.34266 29749.85392 30136.07572 30603.90841 31783.22703 32168.24348 32974.57245 32726.33071 35444.41559 37090.86674 38500.66205 39064.20298 39198.18207 40458.15382 41171.89498 41621.47444 42337.89397 44701.88891 45218.82833 45497.81811 45796.64786 47147.46823 47888.75160 49350.91356 50237.93042 50853.84740 51936.46890 56874.66076 61260.71493 71367.94234 80361.51566 80730.76746 86324.65274 92292.33373 113791.4172 124645.0179 133392.1953 142584.9297 153434.0410 392702.6537 483254.0876 2341737.670
      sorted:	 0.0002149976536 3.337515249 10.16836794 13.63423757 14.06889520 15.82091797 27.58795255 39.29190388 39.48195190 58.22688860 76.55081156 77.48716592 110.2728710 121.0123522 126.1959117 179.8182676 183.5832850 211.8543891 232.0569481 250.7100699 261.7614635 341.8259841 403.1066383 421.4979461 459.2220183 480.6170879 492.9064309 503.9833826 514.2035546 519.0451661 533.6481015 548.2742492 562.1670605 573.7979956 582.6688273 594.9469049 658.1632905 734.8896903 749.7175529 849.0499660 986.3096850 995.7499705 1056.234308 1172.078352 1278.698732 1321.391770 1496.706025 1595.930651 2094.709813 2414.298965 2537.783255 2779.853270 3138.314832 3329.009857 3770.065470 4428.787750 4822.493139 4929.257381 5133.547570 5331.310363 5462.644769 5918.442809 6260.779243 6525.321210 7365.708987 7700.162786 8604.015366 9929.661401 10502.10469 11274.55870 13606.58670 14199.93540 16083.84342 16587.83007 17794.34227 19420.98348 20100.69400 20387.65002 21059.04174 22014.90906 22815.07075 23141.51455 24298.31709 24791.06130 25368.78416 26143.54236 26878.11258 27163.72668 28861.34266 29749.85392 30136.07572 30603.90841 31783.22703 32168.24348 32726.33071 32974.57245 35444.41559 37090.86674 38500.66205 39064.20298 39198.18207 40458.15382 41171.89498 41621.47444 42337.89397 44701.88891 45218.82833 45497.81811 45796.64786 47147.46823 47888.75160 49350.91356 50237.93042 50853.84740 51936.46890 56874.66076 61260.71493 71367.94234 80361.51566 80730.76746 86324.65274 92292.33373 113791.4172 124645.0179 133392.1953 142584.9297 153434.0410 392702.6537 483254.0876 2341737.670
