    unsorted:	 741.1733810 727.8055074 714.8772421 703.4000081 756.4960432 771.4314283 780.0581612 789.9209864 805.6983541 687.6570284 829.6056520 668.9215955 855.6201423 879.6325464 643.8709894 911.7085644 936.1748515 965.7700658 990.2442066 599.9550560 1028.713065 542.6673940 1074.088511 1118.419257 1181.660008 456.4331455 1220.704055 1239.353064 369.3257345 325.0805335 254.3528840 177.1428584 95.83025291 104.8219622 76.20373843 0.0001396479707 56.38600008 35.85185840 1777.316136 1880.299552 1946.098849 2014.530663 2071.606100 2179.921254 2304.461189 2468.556787 2720.197072 2960.973087 3037.875025 3325.689876 3556.907336 3814.773881 4067.550006 4444.346688 4940.334997 5391.031666 5812.066602 6205.195218 6537.096105 6599.904109 7460.585765 8191.694685 8250.728427 9372.535696 10506.03587 11312.02410 15816.56111 18712.05700 20421.13151 21595.81611 23280.74702 25828.47233 25636.25850 27082.08763 27208.34249 27758.26215 28231.62001 28390.90613 30421.66443 31366.44206 32282.73632 32822.88318 33018.31236 34441.28304 34913.52680 35410.88148 35884.78829 36315.27139 39996.00473 40125.72928 40223.91597 40653.90458 39056.28137 41218.06216 44044.15383 44072.02636 44223.21881 44834.90527 45545.23081 46553.54110 48171.79247 48065.15152 49056.18488 49999.77346 49871.61779 50119.46213 50210.58013 50624.66888 51347.78792 51847.95203 52774.87351 54127.16683 54726.18742 55533.50828 58596.08258 59227.04961 59597.95645 62527.98561 64247.61753 66077.35774 68839.83382 75875.68255 77270.35887 80644.40910 88437.19578 102130.0909 110521.6200 119858.7339 138485.5677 316343.5215
      sorted:	 0.0001396479707 35.85185840 56.38600008 76.20373843 95.83025291 104.8219622 177.1428584 254.3528840 325.0805335 369.3257345 456.4331455 542.6673940 599.9550560 643.8709894 668.9215955 687.6570284 703.4000081 714.8772421 727.8055074 741.1733810 756.4960432 771.4314283 780.0581612 789.9209864 805.6983541 829.6056520 855.6201423 879.6325464 911.7085644 936.1748515 965.7700658 990.2442066 1028.713065 1074.088511 1118.419257 1181.660008 1220.704055 1239.353064 1777.316136 1880.299552 1946.098849 2014.530663 2071.606100 2179.921254 2304.461189 2468.556787 2720.197072 2960.973087 3037.875025 3325.689876 3556.907336 3814.773881 4067.550006 4444.346688 4940.334997 5391.031666 5812.066602 6205.195218 6537.096105 6599.904109 7460.585765 8191.694685 8250.728427 9372.535696 10506.03587 11312.02410 15816.56111 18712.05700 20421.13151 21595.81611 23280.74702 25636.25850 25828.47233 27082.08763 27208.34249 27758.26215 28231.62001 28390.90613 30421.66443 31366.44206 32282.73632 32822.88318 33018.31236 34441.28304 34913.52680 35410.88148 35884.78829 36315.27139 39056.28137 39996.00473 40125.72928 40223.91597 40653.90458 41218.06216 44044.15383 44072.02636 44223.21881 44834.90527 45545.23081 46553.54110 48065.15152 48171.79247 49056.18488 49871.61779 49999.77346 50119.46213 50210.58013 50624.66888 51347.78792 51847.95203 52774.87351 54127.16683 54726.18742 55533.50828 58596.08258 59227.04961 59597.95645 62527.98561 64247.61753 66077.35774 68839.83382 75875.68255 77270.35887 80644.40910 88437.19578 102130.0909 110521.6200 119858.7339 138485.5677 316343.5215
