    unsorted:	 2034.450264 2107.808800 2133.080418 2212.481063 2232.584993 2304.262803 1945.517361 2382.431970 2457.292211 2529.884654 2596.521834 1852.751165 2665.273134 2722.199956 2764.676976 1759.940481 1668.623144 1576.907827 1485.476044 1398.907972 1383.395608 1314.768734 1233.429299 1156.876208 1086.830155 1019.645547 956.5974140 898.6232613 845.6225250 2899.018166 777.0523244 794.5143261 3008.008024 641.3827808 3133.173180 3232.363957 3308.983090 536.8391174 3463.197993 378.4585656 3584.422392 0.0001414713877 139.1871307 93.88645296 56.33004645 48.64540111 6.930597463 3827.054301 4191.761555 4381.679211 4493.435408 4616.325055 5328.259170 5504.247685 5862.863745 6243.568433 6872.543639 7166.963744 7317.615652 7792.833179 8755.091889 9646.319433 10226.61459 11067.10196 11678.07801 13103.98843 17139.45429 19977.07174 20776.76880 25713.27473 28483.62596 28210.81165 30323.11073 31398.19241 31903.96221 34881.19139 37283.57659 38352.02130 39005.92231 39347.95770 40836.47946 41663.76580 42734.47987 43052.23744 43593.25709 43956.80729 44487.19063 46178.22117 46579.19453 46999.01595 48921.00099 49481.65874 49742.07105 50248.81588 51396.22246 51355.13691 52094.05213 52298.79760 53256.72219 53635.53269 57420.34729 57915.18827 58959.98711 59022.81589 59970.35776 61351.68251 62401.86561 62830.42783 65967.36619 69983.93340 69934.92866 70364.92157 68628.49848 70689.99043 71298.85691 73050.35768 75658.81426 76563.92668 77173.62750 78855.42895 80075.61136 79935.41074 82316.78478 87133.47170 97582.63341 105197.8494 127129.0826 139990.5261 147684.7310 431031.7621
      sorted:	 0.0001414713877 6.930597463 48.64540111 56.33004645 93.88645296 139.1871307 378.4585656 536.8391174 641.3827808 777.0523244 794.5143261 845.6225250 898.6232613 956.5974140 1019.645547 1086.830155 1156.876208 1233.429299 1314.768734 1383.395608 1398.907972 1485.476044 1576.907827 1668.623144 1759.940481 1852.751165 1945.517361 2034.450264 2107.808800 2133.080418 2212.481063 2232.584993 2304.262803 2382.431970 2457.292211 2529.884654 2596.521834 2665.273134 2722.199956 2764.676976 2899.018166 3008.008024 3133.173180 3232.363957 3308.983090 3463.197993 3584.422392 3827.054301 4191.761555 4381.679211 4493.435408 4616.325055 5328.259170 5504.247685 5862.863745 6243.568433 6872.543639 7166.963744 7317.615652 7792.833179 8755.091889 9646.319433 10226.61459 11067.10196 11678.07801 13103.98843 17139.45429 19977.07174 20776.76880 25713.27473 28210.81165 28483.62596 30323.11073 31398.19241 31903.96221 34881.19139 37283.57659 38352.02130 39005.92231 39347.95770 40836.47946 41663.76580 42734.47987 43052.23744 43593.25709 43956.80729 44487.19063 46178.22117 46579.19453 46999.01595 48921.00099 49481.65874 49742.07105 50248.81588 51355.13691 51396.22246 52094.05213 52298.79760 53256.72219 53635.53269 57420.34729 57915.18827 58959.98711 59022.81589 59970.35776 61351.68251 62401.86561 62830.42783 65967.36619 68628.49848 69934.92866 69983.93340 70364.92157 70689.99043 71298.85691 73050.35768 75658.81426 76563.92668 77173.62750 78855.42895 79935.41074 80075.61136 82316.78478 87133.47170 97582.63341 105197.8494 127129.0826 139990.5261 147684.7310 431031.7621
