    unsorted:	 603.5942569 605.9216582 600.4311327 591.8438124 592.6183700 589.8392633 612.7274680 615.4590398 619.0597858 581.0655373 578.5654239 624.8476514 628.4642074 573.8204067 569.7990488 633.6413347 636.0796849 557.1904977 548.7087330 550.7362149 547.4819955 527.6857178 513.7252623 675.7036758 484.2712428 733.6778568 741.4327530 435.0946066 388.0554299 816.0881649 357.6308727 898.7107125 931.1764834 952.9067275 259.1307021 104.0420773 104.5553962 83.06508828 38.13550964 134.8972950 70.17724850 0.0002717715450 47.34514109 10.57264553 10.06132087 13.03465013 1009.146547 1158.858281 1183.924188 1407.322996 1608.421654 2259.180305 2453.624654 2740.081233 3065.818187 3862.203194 4080.127983 4217.220031 5016.957749 5077.487955 6024.662830 6187.046799 6536.775089 7056.215231 7757.585296 8467.482158 10797.25372 11165.70627 11361.96226 12323.97171 13227.34464 15227.80394 16229.81743 16687.40989 17021.63113 17900.44772 19529.99977 20741.77436 21296.04488 22396.57165 24124.01183 24958.04777 25910.77624 27169.26248 26980.33740 26415.04254 28854.17650 29386.98409 29484.84961 31478.91767 31591.01089 32255.30162 32720.22113 34836.50675 36409.99774 38293.05548 38299.79848 38204.25702 40367.27410 40855.10852 42051.29269 41999.46767 41804.65322 42481.64695 43844.74423 45231.76797 45752.78374 45993.02899 49854.74020 50559.72208 51684.44325 51559.39643 52377.13466 52564.95344 53224.04340 57711.06956 65249.93803 79859.19217 79252.41709 90751.95000 99991.71830 107083.9755 136137.1210 156093.4760 160232.1418 219500.3256 400701.4773 560604.0730 612550.8973 3242936.737
      sorted:	 0.0002717715450 10.06132087 10.57264553 13.03465013 38.13550964 47.34514109 70.17724850 83.06508828 104.0420773 104.5553962 134.8972950 259.1307021 357.6308727 388.0554299 435.0946066 484.2712428 513.7252623 527.6857178 547.4819955 548.7087330 550.7362149 557.1904977 569.7990488 573.8204067 578.5654239 581.0655373 589.8392633 591.8438124 592.6183700 600.4311327 603.5942569 605.9216582 612.7274680 615.4590398 619.0597858 624.8476514 628.4642074 633.6413347 636.0796849 675.7036758 733.6778568 741.4327530 816.0881649 898.7107125 931.1764834 952.9067275 1009.146547 1158.858281 1183.924188 1407.322996 1608.421654 2259.180305 2453.624654 2740.081233 3065.818187 3862.203194 4080.127983 4217.220031 5016.957749 5077.487955 6024.662830 6187.046799 6536.775089 7056.215231 7757.585296 8467.482158 10797.25372 11165.70627 11361.96226 12323.97171 13227.34464 15227.80394 16229.81743 16687.40989 17021.63113 17900.44772 19529.99977 20741.77436 21296.04488 22396.57165 24124.01183 24958.04777 25910.77624 26415.04254 26980.33740 27169.26248 28854.17650 29386.98409 29484.84961 31478.91767 31591.01089 32255.30162 32720.22113 34836.50675 36409.99774 38204.25702 38293.05548 38299.79848 40367.27410 40855.10852 41804.65322 41999.46767 42051.29269 42481.64695 43844.74423 45231.76797 45752.78374 45993.02899 49854.74020 50559.72208 51559.39643 51684.44325 52377.13466 52564.95344 53224.04340 57711.06956 65249.93803 79252.41709 79859.19217 90751.95000 99991.71830 107083.9755 136137.1210 156093.4760 160232.1418 219500.3256 400701.4773 560604.0730 612550.8973 3242936.737
