    unsorted:	 679.8316054 758.7867943 781.4118283 737.9955741 808.3722126 838.6503945 703.4149784 870.0714035 905.8557181 946.3878781 988.1714792 1005.940885 1038.511645 1087.977554 1139.714925 1192.822060 1249.096279 1303.649919 625.9440345 1354.255898 1406.528405 1461.523638 1519.956140 1572.850390 1594.517775 1636.916735 1691.907989 1752.771516 1808.261949 1851.602275 491.2524173 423.3167208 2.947115718e-05 4.951433871e-05 1973.807021 2052.293826 276.3152547 2227.440794 2258.423268 2294.744465 2329.033142 102.9073898 49.87803661 62.69829220 13.61450973 2554.221502 2678.948290 2730.028906 3049.456072 3462.421091 3843.002787 3943.675816 4303.617249 4671.489415 5259.697100 5743.097726 6365.532420 6867.092258 7399.780858 7707.934391 8622.037671 10867.82752 11353.61348 11801.75895 13789.66726 15419.07464 21795.74366 22881.13669 28638.31834 30010.30540 31261.47917 36932.57151 37275.24234 38144.62328 38271.91367 42484.53102 43671.78989 43331.50552 44228.55501 44530.91347 48938.23972 47813.23316 47385.27785 49167.56566 49616.47394 49753.46384 51527.89309 52390.81249 53304.24951 53806.47866 54426.23341 54565.06442 55407.23602 55167.70310 56836.75731 57610.01392 58775.49972 59037.36105 61022.11988 60947.80745 60425.57892 61597.30792 61439.51825 61798.76900 62585.16076 62812.79602 64315.59818 65088.21965 65612.40645 66013.79074 66110.76705 67418.34520 69394.63496 69557.00533 69895.51212 71411.81278 72679.65973 73562.20184 75463.05668 77023.21194 77697.71913 80513.10583 93335.02466 104339.0431 107305.2039 121315.1085 140452.1858 153403.2725 2068261.712 22084134.88
      sorted:	 2.947115718e-05 4.951433871e-05 13.61450973 49.87803661 62.69829220 102.9073898 276.3152547 423.3167208 491.2524173 625.9440345 679.8316054 703.4149784 737.9955741 758.7867943 781.4118283 808.3722126 838.6503945 870.0714035 905.8557181 946.3878781 988.1714792 1005.940885 1038.511645 1087.977554 1139.714925 1192.822060 1249.096279 1303.649919 1354.255898 1406.528405 1461.523638 1519.956140 1572.850390 1594.517775 1636.916735 1691.907989 1752.771516 1808.261949 1851.602275 1973.807021 2052.293826 2227.440794 2258.423268 2294.744465 2329.033142 2554.221502 2678.948290 2730.028906 3049.456072 3462.421091 3843.002787 3943.675816 4303.617249 4671.489415 5259.697100 5743.097726 6365.532420 6867.092258 7399.780858 7707.934391 8622.037671 10867.82752 11353.61348 11801.75895 13789.66726 15419.07464 21795.74366 22881.13669 28638.31834 30010.30540 31261.47917 36932.57151 37275.24234 38144.62328 38271.91367 42484.53102 43331.50552 43671.78989 44228.55501 44530.91347 47385.27785 47813.23316 48938.23972 49167.56566 49616.47394 49753.46384 51527.89309 52390.81249 53304.24951 53806.47866 54426.23341 54565.06442 55167.70310 55407.23602 56836.75731 57610.01392 58775.49972 59037.36105 60425.57892 60947.80745 61022.11988 61439.51825 61597.30792 61798.76900 62585.16076 62812.79602 64315.59818 65088.21965 65612.40645 66013.79074 66110.76705 67418.34520 69394.63496 69557.00533 69895.51212 71411.81278 72679.65973 73562.20184 75463.05668 77023.21194 77697.71913 80513.10583 93335.02466 104339.0431 107305.2039 121315.1085 140452.1858 153403.2725 2068261.712 22084134.88
