    unsorted:	 604.1563906 603.4247625 607.8988942 597.2385051 592.6655721 589.9847020 579.4173381 580.9978679 577.8753938 616.3565852 621.5264614 568.4242721 562.2978435 627.3751274 630.5078107 553.5201228 538.3415338 530.8409308 524.7094681 666.7973641 674.7982289 483.2428724 472.4023881 730.1995125 432.3570361 408.2888589 795.0961584 255.2376979 100.6514593 81.88324023 203.8970243 53.91238432 55.38401092 111.9184625 136.3313035 72.54482914 165.0582828 41.39046437 39.42642095 19.24509302 10.24943890 0.0001824959953 870.5661030 978.2809032 1013.793364 1066.730063 1126.557567 1251.298231 1563.282529 1755.924038 1899.873389 2319.995267 2652.053711 2914.411372 3074.011991 3641.862228 4299.743193 4409.828500 4928.378161 5143.776212 5851.535939 6157.095197 6398.392628 6541.100001 6828.781086 7172.027316 7697.564866 8512.054282 10477.68141 11121.96137 11427.32432 12211.07321 15555.34587 16492.11665 18719.85737 20111.66766 19771.02776 20809.38937 21407.51136 23124.79778 24419.76369 24936.83494 26208.94995 26656.08126 26788.53979 30023.91365 29743.21359 31516.32150 31337.56945 31699.97611 32226.07587 33227.99479 35230.56073 36112.02944 38512.99737 38805.95002 40328.31928 40507.51407 39974.31782 41437.16923 41187.94833 42012.20573 42211.34855 43316.26032 44787.16115 45342.26052 45760.06576 49438.21028 50452.42960 51211.61633 51348.38812 52005.54171 52449.78065 52782.95850 57365.91797 63588.71304 66390.21869 77148.11381 79974.72700 86970.16609 97245.35853 100820.0591 125307.7116 133961.6449 150809.0475 156718.9323 382967.7907 550982.7419 597616.6209 3125996.002
      sorted:	 0.0001824959953 10.24943890 19.24509302 39.42642095 41.39046437 53.91238432 55.38401092 72.54482914 81.88324023 100.6514593 111.9184625 136.3313035 165.0582828 203.8970243 255.2376979 408.2888589 432.3570361 472.4023881 483.2428724 524.7094681 530.8409308 538.3415338 553.5201228 562.2978435 568.4242721 577.8753938 579.4173381 580.9978679 589.9847020 592.6655721 597.2385051 603.4247625 604.1563906 607.8988942 616.3565852 621.5264614 627.3751274 630.5078107 666.7973641 674.7982289 730.1995125 795.0961584 870.5661030 978.2809032 1013.793364 1066.730063 1126.557567 1251.298231 1563.282529 1755.924038 1899.873389 2319.995267 2652.053711 2914.411372 3074.011991 3641.862228 4299.743193 4409.828500 4928.378161 5143.776212 5851.535939 6157.095197 6398.392628 6541.100001 6828.781086 7172.027316 7697.564866 8512.054282 10477.68141 11121.96137 11427.32432 12211.07321 15555.34587 16492.11665 18719.85737 19771.02776 20111.66766 20809.38937 21407.51136 23124.79778 24419.76369 24936.83494 26208.94995 26656.08126 26788.53979 29743.21359 30023.91365 31337.56945 31516.32150 31699.97611 32226.07587 33227.99479 35230.56073 36112.02944 38512.99737 38805.95002 39974.31782 40328.31928 40507.51407 41187.94833 41437.16923 42012.20573 42211.34855 43316.26032 44787.16115 45342.26052 45760.06576 49438.21028 50452.42960 51211.61633 51348.38812 52005.54171 52449.78065 52782.95850 57365.91797 63588.71304 66390.21869 77148.11381 79974.72700 86970.16609 97245.35853 100820.0591 125307.7116 133961.6449 150809.0475 156718.9323 382967.7907 550982.7419 597616.6209 3125996.002
