    unsorted:	 806.3986075 821.1934011 790.2020358 762.7651998 852.6927548 739.5105330 888.9798629 713.0622013 929.6276375 972.6960219 1020.599100 665.4311066 1072.285090 1125.317913 1180.007837 1238.100406 1293.380056 1332.309773 1352.276749 1404.228790 1462.457403 1525.184920 1586.876635 574.6361168 1645.418674 1707.759292 1773.450060 1834.478904 1882.167489 473.5690611 407.4477461 2094.418903 2107.024273 2204.740968 264.9904302 5.193339722e-07 169.7907105 99.57212264 72.28069272 54.71500908 32.68435342 2367.454888 2524.011180 2595.716035 2749.372046 2861.292167 3035.871501 3306.468435 3516.751691 3752.334143 3899.428098 4141.881513 4611.483173 4850.886373 5350.572427 5690.623612 6119.478130 6544.393379 6753.059985 6958.971848 7963.380767 8617.844724 8708.761830 9767.772999 10862.62261 11889.82048 16761.89350 19583.71318 20664.85714 22677.95316 24234.62637 26787.09245 27859.90492 28955.23853 29686.85933 30391.68247 30991.42945 32636.37604 33119.35096 33747.19061 36481.81244 36233.88898 37243.35497 37745.73723 38333.34947 40762.90119 40917.89214 41451.48163 42466.94518 43053.32489 44455.73799 43800.02909 44529.04646 45332.62831 46171.37601 47795.39292 47336.84130 48114.67900 49030.02222 49621.46781 50372.33691 51760.07464 53862.06890 54552.97749 58469.42075 58409.32915 58650.98581 57788.32757 58928.44195 59350.99468 59469.61350 60914.92347 61307.92554 61574.38542 62133.24860 65057.81213 64739.76345 65912.73977 69289.87792 71560.49944 75310.26177 76368.28896 78697.05007 80448.78473 93150.19621 106202.1506 116332.1294 125376.0753 140662.6729 363310.6982
      sorted:	 5.193339722e-07 32.68435342 54.71500908 72.28069272 99.57212264 169.7907105 264.9904302 407.4477461 473.5690611 574.6361168 665.4311066 713.0622013 739.5105330 762.7651998 790.2020358 806.3986075 821.1934011 852.6927548 888.9798629 929.6276375 972.6960219 1020.599100 1072.285090 1125.317913 1180.007837 1238.100406 1293.380056 1332.309773 1352.276749 1404.228790 1462.457403 1525.184920 1586.876635 1645.418674 1707.759292 1773.450060 1834.478904 1882.167489 2094.418903 2107.024273 2204.740968 2367.454888 2524.011180 2595.716035 2749.372046 2861.292167 3035.871501 3306.468435 3516.751691 3752.334143 3899.428098 4141.881513 4611.483173 4850.886373 5350.572427 5690.623612 6119.478130 6544.393379 6753.059985 6958.971848 7963.380767 8617.844724 8708.761830 9767.772999 10862.62261 11889.82048 16761.89350 19583.71318 20664.85714 22677.95316 24234.62637 26787.09245 27859.90492 28955.23853 29686.85933 30391.68247 30991.42945 32636.37604 33119.35096 33747.19061 36233.88898 36481.81244 37243.35497 37745.73723 38333.34947 40762.90119 40917.89214 41451.48163 42466.94518 43053.32489 43800.02909 44455.73799 44529.04646 45332.62831 46171.37601 47336.84130 47795.39292 48114.67900 49030.02222 49621.46781 50372.33691 51760.07464 53862.06890 54552.97749 57788.32757 58409.32915 58469.42075 58650.98581 58928.44195 59350.99468 59469.61350 60914.92347 61307.92554 61574.38542 62133.24860 64739.76345 65057.81213 65912.73977 69289.87792 71560.49944 75310.26177 76368.28896 78697.05007 80448.78473 93150.19621 106202.1506 116332.1294 125376.0753 140662.6729 363310.6982
