    unsorted:	 534.7463948 532.9770203 542.2422952 525.5681996 548.9775732 555.4384869 558.0299721 512.9335722 507.0070882 499.8770335 570.3722662 477.7531914 589.4363299 468.1612003 459.4495541 605.5847613 447.6125115 611.8028297 406.1310982 665.8203308 318.1678747 298.4307370 252.0798071 232.1025336 86.10323334 64.78702989 95.72455987 46.19678297 75.74593293 57.83368591 118.1818424 110.9478301 11.54355463 10.87388199 7.607563954 0.0002812104467 39.42274600 176.0067481 731.3582464 754.7666624 870.0331585 939.9666963 954.6193258 1092.528413 1185.975963 1232.181020 1342.416033 1441.183889 1960.577237 2143.091683 2438.276475 2791.716676 2747.415852 3079.466803 3202.966920 3799.257122 4466.673042 4681.200109 5030.475124 5259.504173 5799.076191 6096.457899 6209.062657 6641.181179 7287.718542 7684.661289 8551.444467 10006.15208 11258.02600 11736.04978 14097.38917 15411.54602 16376.69279 16534.49238 17054.25292 19181.77730 19788.08298 20320.25638 21666.79733 21797.93634 23299.44375 24292.11685 24659.26646 25840.97417 26268.46795 26681.04674 26843.88215 27038.63342 27207.82409 30328.04258 30856.98355 32175.58497 31879.07533 32367.09862 34427.79141 36286.85389 35366.88208 38889.87621 38997.66989 39074.35154 38436.33652 40075.23925 41058.57313 41468.38238 42435.45712 43290.89051 43498.57470 44026.73548 45438.00206 47970.91240 49569.72063 50278.58840 50933.08609 51129.02279 51840.68495 61783.17706 71740.61442 80225.66581 82216.64026 88980.58914 92883.81105 111391.9944 127404.3222 132077.1381 142946.9044 148260.0882 320804.3932 342314.1850 537790.3913 2785406.179
      sorted:	 0.0002812104467 7.607563954 10.87388199 11.54355463 39.42274600 46.19678297 57.83368591 64.78702989 75.74593293 86.10323334 95.72455987 110.9478301 118.1818424 176.0067481 232.1025336 252.0798071 298.4307370 318.1678747 406.1310982 447.6125115 459.4495541 468.1612003 477.7531914 499.8770335 507.0070882 512.9335722 525.5681996 532.9770203 534.7463948 542.2422952 548.9775732 555.4384869 558.0299721 570.3722662 589.4363299 605.5847613 611.8028297 665.8203308 731.3582464 754.7666624 870.0331585 939.9666963 954.6193258 1092.528413 1185.975963 1232.181020 1342.416033 1441.183889 1960.577237 2143.091683 2438.276475 2747.415852 2791.716676 3079.466803 3202.966920 3799.257122 4466.673042 4681.200109 5030.475124 5259.504173 5799.076191 6096.457899 6209.062657 6641.181179 7287.718542 7684.661289 8551.444467 10006.15208 11258.02600 11736.04978 14097.38917 15411.54602 16376.69279 16534.49238 17054.25292 19181.77730 19788.08298 20320.25638 21666.79733 21797.93634 23299.44375 24292.11685 24659.26646 25840.97417 26268.46795 26681.04674 26843.88215 27038.63342 27207.82409 30328.04258 30856.98355 31879.07533 32175.58497 32367.09862 34427.79141 35366.88208 36286.85389 38436.33652 38889.87621 38997.66989 39074.35154 40075.23925 41058.57313 41468.38238 42435.45712 43290.89051 43498.57470 44026.73548 45438.00206 47970.91240 49569.72063 50278.58840 50933.08609 51129.02279 51840.68495 61783.17706 71740.61442 80225.66581 82216.64026 88980.58914 92883.81105 111391.9944 127404.3222 132077.1381 142946.9044 148260.0882 320804.3932 342314.1850 537790.3913 2785406.179
