    unsorted:	 1023.220263 967.5349307 1078.557872 916.3422672 872.4487022 1135.277116 832.4030044 816.8553927 796.1532871 764.0617072 724.2468283 1203.707195 1272.978154 1339.477590 1377.926080 1411.467834 1484.212705 1556.524746 646.4174762 1625.924748 1687.728691 1761.097249 1835.109605 1904.591823 1970.820766 2035.806837 2104.572828 2121.384311 2165.083432 2210.647883 2190.342677 521.1632826 468.7477589 2441.195866 323.3594065 2600.505858 9.621800280e-05 164.5164138 98.36405291 68.54155989 53.37809998 29.53390830 2771.522833 2832.389764 2948.222478 3079.891239 3207.404539 3513.199081 3781.780627 3978.341093 4102.816706 4308.618581 4894.282106 5063.906983 5545.207287 5875.401301 6296.670357 6734.266574 6877.502709 7183.456915 8229.911898 8873.475401 9010.346901 10025.43011 11070.64788 12167.60298 16951.33142 19584.19823 20677.54879 23426.91787 24862.30308 27061.89364 28033.77000 29938.25048 30576.41493 31194.37334 33301.82557 33419.15094 34121.28075 35426.01574 36848.53278 37709.73487 39545.87174 39001.52558 39879.75971 41192.32604 41356.82022 41736.24775 44116.25384 45409.37832 45046.33283 46579.73077 46738.65844 46975.82581 47341.54228 47229.31556 50010.37068 49653.21942 50542.48113 51736.49389 52221.46942 53836.75228 55588.75909 57398.70242 58049.58723 58896.94083 59979.29526 61172.62987 62088.36468 63052.18223 63351.66111 64218.36012 64856.14079 65242.24030 66086.14156 66738.60584 69815.98217 70004.53939 73694.83076 74050.91964 75198.85917 78473.13278 80314.79064 82419.56581 94957.69122 106201.9998 120693.8286 131633.8565 142198.6905 394815.5246
      sorted:	 9.621800280e-05 29.53390830 53.37809998 68.54155989 98.36405291 164.5164138 323.3594065 468.7477589 521.1632826 646.4174762 724.2468283 764.0617072 796.1532871 816.8553927 832.4030044 872.4487022 916.3422672 967.5349307 1023.220263 1078.557872 1135.277116 1203.707195 1272.978154 1339.477590 1377.926080 1411.467834 1484.212705 1556.524746 1625.924748 1687.728691 1761.097249 1835.109605 1904.591823 1970.820766 2035.806837 2104.572828 2121.384311 2165.083432 2190.342677 2210.647883 2441.195866 2600.505858 2771.522833 2832.389764 2948.222478 3079.891239 3207.404539 3513.199081 3781.780627 3978.341093 4102.816706 4308.618581 4894.282106 5063.906983 5545.207287 5875.401301 6296.670357 6734.266574 6877.502709 7183.456915 8229.911898 8873.475401 9010.346901 10025.43011 11070.64788 12167.60298 16951.33142 19584.19823 20677.54879 23426.91787 24862.30308 27061.89364 28033.77000 29938.25048 30576.41493 31194.37334 33301.82557 33419.15094 34121.28075 35426.01574 36848.53278 37709.73487 39001.52558 39545.87174 39879.75971 41192.32604 41356.82022 41736.24775 44116.25384 45046.33283 45409.37832 46579.73077 46738.65844 46975.82581 47229.31556 47341.54228 49653.21942 50010.37068 50542.48113 51736.49389 52221.46942 53836.75228 55588.75909 57398.70242 58049.58723 58896.94083 59979.29526 61172.62987 62088.36468 63052.18223 63351.66111 64218.36012 64856.14079 65242.24030 66086.14156 66738.60584 69815.98217 70004.53939 73694.83076 74050.91964 75198.85917 78473.13278 80314.79064 82419.56581 94957.69122 106201.9998 120693.8286 131633.8565 142198.6905 394815.5246
