    unsorted:	 556.5430317 558.3188815 547.6653292 541.6364202 536.1620139 527.5857669 522.5421634 569.5162619 575.8714577 585.0447143 511.1573390 591.3708094 598.6966131 502.8196883 498.5527455 606.2994760 618.6806814 475.7277463 456.1483367 670.8438477 383.6477565 715.6720466 729.4776742 343.8068651 326.2830813 181.0702498 230.2758814 188.0652220 46.83303497 40.50467446 77.59804051 78.39066798 56.19496152 58.75047989 39.58310638 17.70609025 12.34012677 0.0003405555286 3.220837538 111.8209732 167.7222418 828.4820066 885.5885552 992.2473375 1048.207227 1114.509053 1169.908323 1285.392561 1358.694761 1726.027876 1807.788273 2332.725109 2686.467903 2940.346294 3040.861544 3793.717139 4391.694604 4518.213953 5153.869916 5260.921176 5811.284686 6199.117706 6689.292829 7227.174580 7199.231500 7665.436862 8480.641759 8895.317886 10300.91010 11238.64271 11620.92621 15045.65271 15252.55380 16018.23444 16379.86590 18848.42478 20131.84708 21304.72983 22290.91733 22815.06516 23984.47815 23684.21700 24712.82239 24962.64373 25773.92307 26081.70705 27199.93079 27099.59100 30147.42811 31253.83393 31429.06436 31795.08264 32240.78311 34199.83448 34059.96478 34813.55762 35355.81892 38892.13858 39021.30843 39310.89592 39444.72776 40996.89369 42397.10275 42370.67344 42087.29885 44260.29355 45585.09567 47210.72985 48682.29658 50539.52988 50350.80634 51130.62543 52131.05110 52245.64338 62685.72690 69717.84493 76277.44681 80074.69846 85220.83530 92826.73011 100830.2544 105299.1472 128801.6334 134052.9979 150817.7810 161545.8600 314699.7328 406911.9441 461508.5533 2752990.599
      sorted:	 0.0003405555286 3.220837538 12.34012677 17.70609025 39.58310638 40.50467446 46.83303497 56.19496152 58.75047989 77.59804051 78.39066798 111.8209732 167.7222418 181.0702498 188.0652220 230.2758814 326.2830813 343.8068651 383.6477565 456.1483367 475.7277463 498.5527455 502.8196883 511.1573390 522.5421634 527.5857669 536.1620139 541.6364202 547.6653292 556.5430317 558.3188815 569.5162619 575.8714577 585.0447143 591.3708094 598.6966131 606.2994760 618.6806814 670.8438477 715.6720466 729.4776742 828.4820066 885.5885552 992.2473375 1048.207227 1114.509053 1169.908323 1285.392561 1358.694761 1726.027876 1807.788273 2332.725109 2686.467903 2940.346294 3040.861544 3793.717139 4391.694604 4518.213953 5153.869916 5260.921176 5811.284686 6199.117706 6689.292829 7199.231500 7227.174580 7665.436862 8480.641759 8895.317886 10300.91010 11238.64271 11620.92621 15045.65271 15252.55380 16018.23444 16379.86590 18848.42478 20131.84708 21304.72983 22290.91733 22815.06516 23684.21700 23984.47815 24712.82239 24962.64373 25773.92307 26081.70705 27099.59100 27199.93079 30147.42811 31253.83393 31429.06436 31795.08264 32240.78311 34059.96478 34199.83448 34813.55762 35355.81892 38892.13858 39021.30843 39310.89592 39444.72776 40996.89369 42087.29885 42370.67344 42397.10275 44260.29355 45585.09567 47210.72985 48682.29658 50350.80634 50539.52988 51130.62543 52131.05110 52245.64338 62685.72690 69717.84493 76277.44681 80074.69846 85220.83530 92826.73011 100830.2544 105299.1472 128801.6334 134052.9979 150817.7810 161545.8600 314699.7328 406911.9441 461508.5533 2752990.599
