    unsorted:	 -1.487585789e-07 0.07562048663 0.1748067002 1.498611855 5.919271280 7.428397184 5.390329582 9.649783994 12.39368231 28.97253990 39.39012569 38.74716770 56.11674931 65.70921265 78.98139061 81.34208601 92.29053664 107.3313047 120.3470707 180.7467041 182.6484288 227.2343755 235.9440835 240.8100800 262.3416926 283.0746404 297.2541146 323.6057970 331.7501222 347.3299136 375.7822320 412.2407722 421.3499618 484.0122946 546.6961850 592.3557437 739.4880311 881.9879550 953.3963714 1024.645438 1167.454369 1219.426801 1250.827111 1342.207001 1390.096986 1522.268839 1741.226232 1857.325993 2304.525136 2732.749505 2793.147232 2825.016765 3214.522634 3562.302069 4099.448855 4420.954303 5046.994075 5247.603022 5491.920201 5939.567227 6362.057717 6462.101980 6706.916476 7503.321656 7691.837351 8690.709787 9035.349801 9636.126197 9728.756079 9960.212666 11372.99538 12082.05508 14364.57984 19330.84764 19786.35079 20267.66392 21064.11462 21846.80839 23047.90499 23267.87189 24705.02723 24414.13326 25564.95664 26092.89853 27244.97638 27373.27322 27507.76174 29888.18097 30770.81293 31082.46276 32263.91019 33220.41976 33810.09032 34188.94656 34376.72510 35067.82273 35245.98462 35945.44351 39234.48454 39348.70826 40687.60720 40287.33658 40816.00905 42033.22161 42112.43027 42733.68171 42961.01779 44096.40260 45075.68349 49173.70023 50099.79960 49538.86879 50452.71991 51434.65818 54010.04622 59390.23788 62463.16004 66439.53950 70121.56329 72583.68993 80584.75272 80247.65760 81169.50576 91200.60057 108540.3671 119208.3910 135527.3762 144272.3531 402485.0772 3069715.512
      sorted:	 -1.487585789e-07 0.07562048663 0.1748067002 1.498611855 5.390329582 5.919271280 7.428397184 9.649783994 12.39368231 28.97253990 38.74716770 39.39012569 56.11674931 65.70921265 78.98139061 81.34208601 92.29053664 107.3313047 120.3470707 180.7467041 182.6484288 227.2343755 235.9440835 240.8100800 262.3416926 283.0746404 297.2541146 323.6057970 331.7501222 347.3299136 375.7822320 412.2407722 421.3499618 484.0122946 546.6961850 592.3557437 739.4880311 881.9879550 953.3963714 1024.645438 1167.454369 1219.426801 1250.827111 1342.207001 1390.096986 1522.268839 1741.226232 1857.325993 2304.525136 2732.749505 2793.147232 2825.016765 3214.522634 3562.302069 4099.448855 4420.954303 5046.994075 5247.603022 5491.920201 5939.567227 6362.057717 6462.101980 6706.916476 7503.321656 7691.837351 8690.709787 9035.349801 9636.126197 9728.756079 9960.212666 11372.99538 12082.05508 14364.57984 19330.84764 19786.35079 20267.66392 21064.11462 21846.80839 23047.90499 23267.87189 24414.13326 24705.02723 25564.95664 26092.89853 27244.97638 27373.27322 27507.76174 29888.18097 30770.81293 31082.46276 32263.91019 33220.41976 33810.09032 34188.94656 34376.72510 35067.82273 35245.98462 35945.44351 39234.48454 39348.70826 40287.33658 40687.60720 40816.00905 42033.22161 42112.43027 42733.68171 42961.01779 44096.40260 45075.68349 49173.70023 49538.86879 50099.79960 50452.71991 51434.65818 54010.04622 59390.23788 62463.16004 66439.53950 70121.56329 72583.68993 80247.65760 80584.75272 81169.50576 91200.60057 108540.3671 119208.3910 135527.3762 144272.3531 402485.0772 3069715.512
