    unsorted:	 680.9957285 811.3426830 784.7097990 762.3061928 742.4387900 841.2993878 872.4731789 907.6069172 711.1020970 943.5160064 951.7731616 991.4172063 1037.488135 1087.159158 1138.702110 1191.203831 1246.486454 637.5541408 1300.160961 1349.902654 1400.923302 1451.816086 1481.851419 1519.752053 1574.944514 1627.078589 1681.166542 1740.632998 1794.462513 1836.264689 501.0307918 1901.256301 1949.470737 1990.306637 429.0561263 5.206173215e-05 0.0001287922323 2133.592988 276.8959243 2210.809624 2245.246698 67.62699581 47.83078148 104.3622873 16.08916166 2347.195694 2559.206233 2656.392253 2906.197458 3359.265817 3729.031820 3844.072097 4186.466124 4594.860928 5160.659306 5709.221370 6301.977262 6818.008895 7540.640714 7704.415390 8550.876707 11065.38442 11588.62698 11944.13513 14172.91040 15847.78860 22551.94521 24255.30253 29383.56193 30924.55633 32635.85675 42611.15939 38247.70465 37616.47635 38873.89791 39953.06796 43743.27377 44447.71296 44706.28401 46368.76775 47853.13494 49624.78614 50265.54593 51827.48549 52261.15917 53628.57048 54519.43179 55063.06708 55230.80016 56031.14918 57087.82138 56599.19766 57389.83348 58336.11133 58707.52463 59005.61104 59206.64499 61489.40166 60999.71314 61630.96122 61946.48645 62484.33497 62518.77114 63213.32798 63352.20802 64693.66750 65583.31371 65825.65171 65978.52773 66370.64076 69660.32159 70473.35128 71454.74491 71794.26916 72654.19046 74114.07940 75768.56511 76683.61600 77011.37134 77869.82543 80492.60546 81048.99735 92852.30031 106342.7181 109190.9773 124831.5387 142435.3171 158408.3109 3720235.940 8949276.971
      sorted:	 5.206173215e-05 0.0001287922323 16.08916166 47.83078148 67.62699581 104.3622873 276.8959243 429.0561263 501.0307918 637.5541408 680.9957285 711.1020970 742.4387900 762.3061928 784.7097990 811.3426830 841.2993878 872.4731789 907.6069172 943.5160064 951.7731616 991.4172063 1037.488135 1087.159158 1138.702110 1191.203831 1246.486454 1300.160961 1349.902654 1400.923302 1451.816086 1481.851419 1519.752053 1574.944514 1627.078589 1681.166542 1740.632998 1794.462513 1836.264689 1901.256301 1949.470737 1990.306637 2133.592988 2210.809624 2245.246698 2347.195694 2559.206233 2656.392253 2906.197458 3359.265817 3729.031820 3844.072097 4186.466124 4594.860928 5160.659306 5709.221370 6301.977262 6818.008895 7540.640714 7704.415390 8550.876707 11065.38442 11588.62698 11944.13513 14172.91040 15847.78860 22551.94521 24255.30253 29383.56193 30924.55633 32635.85675 37616.47635 38247.70465 38873.89791 39953.06796 42611.15939 43743.27377 44447.71296 44706.28401 46368.76775 47853.13494 49624.78614 50265.54593 51827.48549 52261.15917 53628.57048 54519.43179 55063.06708 55230.80016 56031.14918 56599.19766 57087.82138 57389.83348 58336.11133 58707.52463 59005.61104 59206.64499 60999.71314 61489.40166 61630.96122 61946.48645 62484.33497 62518.77114 63213.32798 63352.20802 64693.66750 65583.31371 65825.65171 65978.52773 66370.64076 69660.32159 70473.35128 71454.74491 71794.26916 72654.19046 74114.07940 75768.56511 76683.61600 77011.37134 77869.82543 80492.60546 81048.99735 92852.30031 106342.7181 109190.9773 124831.5387 142435.3171 158408.3109 3720235.940 8949276.971
