    unsorted:	 603.5993807 602.3757730 605.5029314 609.2990265 615.2031375 614.1743969 621.6152257 624.0780564 626.4764486 595.4633755 593.4470442 632.0285094 634.9101965 588.3049650 639.4554568 641.4521618 574.2346342 572.9534881 566.9393607 561.5357849 556.5408041 544.1675995 673.7294556 676.4758665 680.9231918 514.6090929 504.9531135 718.6164062 737.0275513 472.0312854 420.7881255 805.4048310 362.8317946 857.8073219 239.5192248 262.5618198 918.3608850 108.9307809 108.7525261 84.70431875 36.67350688 37.07765979 165.3310915 75.37672584 50.75716479 0.0001814934396 4.948857358 20.41385775 956.7343275 1088.776286 1422.344190 2116.922018 2196.634336 2563.035489 3024.646722 3743.825762 3867.399772 3945.643282 4837.407390 5128.467391 5975.478605 6400.504051 6597.667435 6890.907082 7933.947018 8384.102149 10432.18257 11271.77214 12261.85998 12560.61611 13116.15707 13656.36998 15256.48828 17346.91426 17438.95472 16771.60920 19324.16988 20056.56579 21167.79943 21845.40635 23888.44624 24869.95616 26925.48125 27148.17391 25904.57033 26224.25102 27810.34718 28656.03928 29153.06453 31231.80797 31857.56049 32681.90986 32851.35881 34305.11050 36847.92458 37200.84027 37403.10248 38185.49686 40626.60003 41197.04614 41601.08088 42739.35771 42816.64711 43005.63506 44485.77983 45648.59553 46171.89573 46419.32445 50135.39550 50703.90102 51999.93246 51772.14688 52816.61289 53566.15071 53451.73354 58052.20426 67231.25774 79690.14216 81937.35037 94967.36685 102405.1977 113892.6990 141826.2966 160995.3710 168447.3471 255128.7849 420014.1377 570836.8936 626648.7457 3352533.450
      sorted:	 0.0001814934396 4.948857358 20.41385775 36.67350688 37.07765979 50.75716479 75.37672584 84.70431875 108.7525261 108.9307809 165.3310915 239.5192248 262.5618198 362.8317946 420.7881255 472.0312854 504.9531135 514.6090929 544.1675995 556.5408041 561.5357849 566.9393607 572.9534881 574.2346342 588.3049650 593.4470442 595.4633755 602.3757730 603.5993807 605.5029314 609.2990265 614.1743969 615.2031375 621.6152257 624.0780564 626.4764486 632.0285094 634.9101965 639.4554568 641.4521618 673.7294556 676.4758665 680.9231918 718.6164062 737.0275513 805.4048310 857.8073219 918.3608850 956.7343275 1088.776286 1422.344190 2116.922018 2196.634336 2563.035489 3024.646722 3743.825762 3867.399772 3945.643282 4837.407390 5128.467391 5975.478605 6400.504051 6597.667435 6890.907082 7933.947018 8384.102149 10432.18257 11271.77214 12261.85998 12560.61611 13116.15707 13656.36998 15256.48828 16771.60920 17346.91426 17438.95472 19324.16988 20056.56579 21167.79943 21845.40635 23888.44624 24869.95616 25904.57033 26224.25102 26925.48125 27148.17391 27810.34718 28656.03928 29153.06453 31231.80797 31857.56049 32681.90986 32851.35881 34305.11050 36847.92458 37200.84027 37403.10248 38185.49686 40626.60003 41197.04614 41601.08088 42739.35771 42816.64711 43005.63506 44485.77983 45648.59553 46171.89573 46419.32445 50135.39550 50703.90102 51772.14688 51999.93246 52816.61289 53451.73354 53566.15071 58052.20426 67231.25774 79690.14216 81937.35037 94967.36685 102405.1977 113892.6990 141826.2966 160995.3710 168447.3471 255128.7849 420014.1377 570836.8936 626648.7457 3352533.450
