    unsorted:	 8.137566278e-05 0.7449556637 0.7099572402 6.469230265 6.740005699 7.669963108 19.90433684 17.68375701 27.96938571 28.19956405 30.60101722 37.97969357 43.47098012 49.82561744 60.27973335 58.53791274 76.82980978 83.47854907 96.96285405 112.1649453 142.0244687 209.2073704 199.2846920 219.5520834 227.2538708 183.0723339 248.0286271 269.2565618 272.9333544 290.6592060 315.3549706 324.1455317 330.6874873 372.2742911 428.7743905 485.1553091 735.2326150 979.5180877 1039.395650 1104.911284 1240.865495 1346.804394 1413.209343 1443.086150 1563.958828 1729.611269 1858.556154 1982.463657 2401.109786 2834.476389 2871.238082 2957.878293 3192.938002 3673.731998 4208.121273 4752.587954 5152.090837 5566.444429 5830.840042 5916.568199 6453.051437 6488.178316 7097.897562 7574.372791 7676.102139 8746.701266 9019.186831 9991.660744 10691.84699 11622.36665 12186.33193 14651.41603 17201.27347 18733.35202 19897.22213 19596.21087 20237.56837 20919.31622 21721.57800 23331.65653 23698.62808 24108.30591 25662.01006 25192.17693 26282.30031 26954.40820 27419.40216 29587.22286 29905.68210 30569.22821 30775.07664 31012.94421 32048.65468 32321.87868 33628.28385 34173.91970 35171.84570 35971.12512 37492.70178 38539.23934 39366.33060 39436.66725 39708.76331 40774.10832 43035.29087 44695.67834 44949.06997 45589.49924 47923.49602 49956.12445 49976.40079 50205.98873 50821.14226 51598.24214 55688.27872 59808.21557 60761.57101 68881.05930 71431.64617 74074.30459 80658.03853 79890.75645 86235.80461 89188.46746 115628.4018 119006.6576 132469.8404 139309.1031 172453.9510 642525.7615
      sorted:	 8.137566278e-05 0.7099572402 0.7449556637 6.469230265 6.740005699 7.669963108 17.68375701 19.90433684 27.96938571 28.19956405 30.60101722 37.97969357 43.47098012 49.82561744 58.53791274 60.27973335 76.82980978 83.47854907 96.96285405 112.1649453 142.0244687 183.0723339 199.2846920 209.2073704 219.5520834 227.2538708 248.0286271 269.2565618 272.9333544 290.6592060 315.3549706 324.1455317 330.6874873 372.2742911 428.7743905 485.1553091 735.2326150 979.5180877 1039.395650 1104.911284 1240.865495 1346.804394 1413.209343 1443.086150 1563.958828 1729.611269 1858.556154 1982.463657 2401.109786 2834.476389 2871.238082 2957.878293 3192.938002 3673.731998 4208.121273 4752.587954 5152.090837 5566.444429 5830.840042 5916.568199 6453.051437 6488.178316 7097.897562 7574.372791 7676.102139 8746.701266 9019.186831 9991.660744 10691.84699 11622.36665 12186.33193 14651.41603 17201.27347 18733.35202 19596.21087 19897.22213 20237.56837 20919.31622 21721.57800 23331.65653 23698.62808 24108.30591 25192.17693 25662.01006 26282.30031 26954.40820 27419.40216 29587.22286 29905.68210 30569.22821 30775.07664 31012.94421 32048.65468 32321.87868 33628.28385 34173.91970 35171.84570 35971.12512 37492.70178 38539.23934 39366.33060 39436.66725 39708.76331 40774.10832 43035.29087 44695.67834 44949.06997 45589.49924 47923.49602 49956.12445 49976.40079 50205.98873 50821.14226 51598.24214 55688.27872 59808.21557 60761.57101 68881.05930 71431.64617 74074.30459 79890.75645 80658.03853 86235.80461 89188.46746 115628.4018 119006.6576 132469.8404 139309.1031 172453.9510 642525.7615
