    unsorted:	 18.79319329 10.35235784 11.58353582 16.25233922 7.260172599 3.706644898 0.0002300020472 35.10365130 39.19960395 38.86251887 57.32957163 69.27980638 93.30717305 80.27333522 99.98181609 111.5988618 122.1475537 187.5161417 181.3970103 197.8436423 204.4377012 246.0170551 315.9986611 293.1419668 320.5606710 345.1048376 380.8119393 413.5291523 432.6694650 450.1411461 481.4243012 502.9156632 517.3439710 534.7835786 554.3068610 618.8622373 736.0101659 775.7233187 838.8363202 984.7710829 1066.789574 1087.630783 1141.402294 1240.059105 1325.197924 1404.100652 1604.743677 1709.636148 2185.917708 2582.778823 2652.201111 2801.416411 3166.624522 3438.839343 4023.574477 4452.046274 4925.602850 5127.132358 5409.251135 5800.052243 5902.000683 6305.046342 6621.098663 7256.780183 7425.366034 7868.460340 8646.706811 8662.207143 9934.360299 11243.48553 13948.43724 17227.37239 18025.51726 19122.77695 19575.31340 20210.83831 20986.02051 21938.97654 22775.92335 23360.19548 24909.52602 24582.92933 24173.78546 25196.08975 26716.09857 27038.39498 27549.46136 28967.98112 30677.89248 30326.08479 31300.69338 32225.02057 32593.58674 33679.87754 34426.13743 35606.55905 36524.87438 38061.83380 39655.58256 39224.91168 40743.89369 40657.28003 40229.05501 40983.94852 42791.83391 43241.35842 43797.30801 44178.30458 45172.90040 45408.86639 47537.46215 48029.20616 50115.29268 50485.70456 51243.96278 55248.66323 60487.17393 63689.52465 68174.44884 74028.21514 76980.02401 80471.27707 82995.89727 85592.30862 119599.1971 127193.8930 144700.0135 291703.7653 363156.3571 1553175.295
      sorted:	 0.0002300020472 3.706644898 7.260172599 10.35235784 11.58353582 16.25233922 18.79319329 35.10365130 38.86251887 39.19960395 57.32957163 69.27980638 80.27333522 93.30717305 99.98181609 111.5988618 122.1475537 181.3970103 187.5161417 197.8436423 204.4377012 246.0170551 293.1419668 315.9986611 320.5606710 345.1048376 380.8119393 413.5291523 432.6694650 450.1411461 481.4243012 502.9156632 517.3439710 534.7835786 554.3068610 618.8622373 736.0101659 775.7233187 838.8363202 984.7710829 1066.789574 1087.630783 1141.402294 1240.059105 1325.197924 1404.100652 1604.743677 1709.636148 2185.917708 2582.778823 2652.201111 2801.416411 3166.624522 3438.839343 4023.574477 4452.046274 4925.602850 5127.132358 5409.251135 5800.052243 5902.000683 6305.046342 6621.098663 7256.780183 7425.366034 7868.460340 8646.706811 8662.207143 9934.360299 11243.48553 13948.43724 17227.37239 18025.51726 19122.77695 19575.31340 20210.83831 20986.02051 21938.97654 22775.92335 23360.19548 24173.78546 24582.92933 24909.52602 25196.08975 26716.09857 27038.39498 27549.46136 28967.98112 30326.08479 30677.89248 31300.69338 32225.02057 32593.58674 33679.87754 34426.13743 35606.55905 36524.87438 38061.83380 39224.91168 39655.58256 40229.05501 40657.28003 40743.89369 40983.94852 42791.83391 43241.35842 43797.30801 44178.30458 45172.90040 45408.86639 47537.46215 48029.20616 50115.29268 50485.70456 51243.96278 55248.66323 60487.17393 63689.52465 68174.44884 74028.21514 76980.02401 80471.27707 82995.89727 85592.30862 119599.1971 127193.8930 144700.0135 291703.7653 363156.3571 1553175.295
