    unsorted:	 444.7617675 459.3278727 469.6733470 431.0438336 501.6027976 518.4641771 523.7308103 545.6609358 566.6846227 584.1668808 589.6487551 600.7890623 616.6564808 404.6242673 633.3742226 360.9652954 338.1243142 327.1724999 227.8316189 246.0499513 197.2937656 182.1751100 140.2439153 121.7444839 115.3221550 100.4243796 80.06593137 60.83619907 51.90520431 48.56959234 38.29203445 14.77346704 14.83636239 0.0001058156859 21.33667681 2.827869604 751.7912444 1076.558362 1352.637570 1492.344008 1475.598615 1682.514580 1638.351187 1777.185019 1874.179929 2136.987689 2233.212946 2399.135116 2732.167824 2933.041906 3191.056671 3407.834078 3443.406718 3986.984412 4455.441342 5108.569191 5445.212208 5823.642640 6155.770050 6506.487329 6378.149339 6876.622933 7774.131085 7824.386534 8977.511131 10125.66611 10485.00537 13622.87295 14813.40937 15415.33870 17160.64568 18563.93785 20451.03292 20378.53692 20798.36479 22141.28093 23226.88277 23992.04052 24571.77962 25991.90609 25838.12244 26674.04571 27087.94947 27737.02115 28457.64634 29774.05411 31293.91959 31364.82089 32051.05718 32570.43116 33930.78782 35458.36029 34821.29965 36062.22988 36830.74204 37730.27036 38073.08549 39794.25911 39625.88123 39085.23100 40100.16986 40346.86564 41018.74640 43526.90040 43966.78673 45164.02714 45552.78517 46501.12162 47550.98410 48701.56379 49171.41720 50079.95892 51452.99897 52412.57652 55926.82720 56766.05075 59885.57887 65767.76277 67506.89583 68537.86569 76185.05503 77853.82004 79112.81889 80714.15461 93532.39571 108350.9807 110260.8973 128549.8845 139792.0058 317882.1048
      sorted:	 0.0001058156859 2.827869604 14.77346704 14.83636239 21.33667681 38.29203445 48.56959234 51.90520431 60.83619907 80.06593137 100.4243796 115.3221550 121.7444839 140.2439153 182.1751100 197.2937656 227.8316189 246.0499513 327.1724999 338.1243142 360.9652954 404.6242673 431.0438336 444.7617675 459.3278727 469.6733470 501.6027976 518.4641771 523.7308103 545.6609358 566.6846227 584.1668808 589.6487551 600.7890623 616.6564808 633.3742226 751.7912444 1076.558362 1352.637570 1475.598615 1492.344008 1638.351187 1682.514580 1777.185019 1874.179929 2136.987689 2233.212946 2399.135116 2732.167824 2933.041906 3191.056671 3407.834078 3443.406718 3986.984412 4455.441342 5108.569191 5445.212208 5823.642640 6155.770050 6378.149339 6506.487329 6876.622933 7774.131085 7824.386534 8977.511131 10125.66611 10485.00537 13622.87295 14813.40937 15415.33870 17160.64568 18563.93785 20378.53692 20451.03292 20798.36479 22141.28093 23226.88277 23992.04052 24571.77962 25838.12244 25991.90609 26674.04571 27087.94947 27737.02115 28457.64634 29774.05411 31293.91959 31364.82089 32051.05718 32570.43116 33930.78782 34821.29965 35458.36029 36062.22988 36830.74204 37730.27036 38073.08549 39085.23100 39625.88123 39794.25911 40100.16986 40346.86564 41018.74640 43526.90040 43966.78673 45164.02714 45552.78517 46501.12162 47550.98410 48701.56379 49171.41720 50079.95892 51452.99897 52412.57652 55926.82720 56766.05075 59885.57887 65767.76277 67506.89583 68537.86569 76185.05503 77853.82004 79112.81889 80714.15461 93532.39571 108350.9807 110260.8973 128549.8845 139792.0058 317882.1048
