    unsorted:	 768.6274288 747.5057071 788.5460881 794.9877333 729.1349616 815.5244268 712.6689105 842.5027819 689.1928030 871.6259231 906.5924957 944.5874656 979.0480664 1014.425161 651.7330374 1057.301491 1103.246969 1146.078026 1184.336206 588.8698834 1231.181239 1275.883847 1286.461466 1331.766414 1388.526720 491.5855145 1445.537429 1508.565926 1559.523829 411.5856270 345.2673740 183.8233430 173.8329066 7.890549548e-05 100.7135342 74.94317857 55.72956382 34.59785320 1973.374259 2011.219550 2064.315902 2162.534088 2276.386914 2381.824732 2529.820211 2659.369172 2887.440892 3124.093372 3261.570442 3536.022404 3720.528873 3980.127792 4336.561825 4646.631167 5150.518350 5530.734168 5962.285408 6371.682747 6647.665796 6763.256478 7709.452513 8394.369084 8465.457948 9558.043977 10677.69277 11615.21528 16390.00338 19405.02073 20526.57003 22100.20060 23761.14656 27105.52575 26419.83187 28557.13573 28367.22786 29217.43106 29827.05054 30711.72602 32018.59471 32970.19527 33571.21367 34986.60176 36111.03133 36527.40792 37132.41401 38591.84557 39545.19505 40442.73041 40623.57005 41261.32775 41809.46791 42270.26955 42762.23632 42673.83621 44274.33272 45349.70006 46157.59878 45858.55302 47697.11713 49397.30173 50215.75732 50604.22910 51504.29396 52296.80938 52954.78655 53910.51275 54124.17676 55020.54908 56018.97375 56132.46467 57039.92897 57169.82746 58682.54696 59508.99101 59949.17955 60613.72151 62772.68495 64173.22871 64340.60705 68288.07421 73684.16212 75724.96771 76142.35386 80559.55148 91033.76547 104534.0208 113216.2881 121290.8370 139446.1587 347751.2552
      sorted:	 7.890549548e-05 34.59785320 55.72956382 74.94317857 100.7135342 173.8329066 183.8233430 345.2673740 411.5856270 491.5855145 588.8698834 651.7330374 689.1928030 712.6689105 729.1349616 747.5057071 768.6274288 788.5460881 794.9877333 815.5244268 842.5027819 871.6259231 906.5924957 944.5874656 979.0480664 1014.425161 1057.301491 1103.246969 1146.078026 1184.336206 1231.181239 1275.883847 1286.461466 1331.766414 1388.526720 1445.537429 1508.565926 1559.523829 1973.374259 2011.219550 2064.315902 2162.534088 2276.386914 2381.824732 2529.820211 2659.369172 2887.440892 3124.093372 3261.570442 3536.022404 3720.528873 3980.127792 4336.561825 4646.631167 5150.518350 5530.734168 5962.285408 6371.682747 6647.665796 6763.256478 7709.452513 8394.369084 8465.457948 9558.043977 10677.69277 11615.21528 16390.00338 19405.02073 20526.57003 22100.20060 23761.14656 26419.83187 27105.52575 28367.22786 28557.13573 29217.43106 29827.05054 30711.72602 32018.59471 32970.19527 33571.21367 34986.60176 36111.03133 36527.40792 37132.41401 38591.84557 39545.19505 40442.73041 40623.57005 41261.32775 41809.46791 42270.26955 42673.83621 42762.23632 44274.33272 45349.70006 45858.55302 46157.59878 47697.11713 49397.30173 50215.75732 50604.22910 51504.29396 52296.80938 52954.78655 53910.51275 54124.17676 55020.54908 56018.97375 56132.46467 57039.92897 57169.82746 58682.54696 59508.99101 59949.17955 60613.72151 62772.68495 64173.22871 64340.60705 68288.07421 73684.16212 75724.96771 76142.35386 80559.55148 91033.76547 104534.0208 113216.2881 121290.8370 139446.1587 347751.2552
