    unsorted:	 684.4478899 684.6433299 684.8165957 684.9547355 685.0618192 684.2527997 683.9770282 683.5743918 685.6834102 683.0361841 679.2513552 677.2979453 675.2004601 672.4615360 669.0846688 664.9832211 659.8156443 653.8342497 646.1936304 639.5294091 632.5551151 624.5999013 616.9720841 605.9119079 728.9349141 593.7836090 581.5067134 568.0995085 766.4678955 546.1053650 519.6654884 486.0053760 459.2782703 416.4423871 401.1825485 901.3670018 357.2892170 325.3037048 1001.850509 284.3514422 228.1551993 1246.444405 1281.032544 1387.468564 1392.656884 1426.294378 1517.615629 1544.547651 1614.044851 1672.650155 1699.124563 121.3977626 100.9087423 50.83291007 1781.789192 1890.075419 1945.715491 2035.460708 2116.691129 2211.450324 2331.744982 2365.688193 2415.771287 2506.760850 2645.271716 2725.258461 2802.308183 2883.420432 2949.892571 3078.784451 3182.366941 3333.022826 3484.488220 3525.054530 3687.355309 32017.62134 32110.78250 31890.33344 33250.96391 33651.99648 33777.15992 34085.51460 34502.29478 30510.65271 30545.20266 30129.89786 29741.82603 35411.82520 37932.89739 37368.24595 38454.60299 38670.92914 39060.12642 39706.41882 40080.52578 40895.06530 41221.73171 28194.64546 26629.28796 42122.12941 26026.12276 25260.84112 44177.85640 44873.03890 45663.69391 46308.39783 9665.034763 48646.20184 51983.20742 53199.37976 53720.09900 55584.34334 59038.14827 60111.10263 64151.54759 65018.50847 72214.13830 75771.43123 76406.99714 80827.85514 81084.10756 81730.28836 85223.24922 87098.83454 93512.34824 96059.09028 99643.03271 102136.3089 105231.1993 105193.3332 105763.0626 106251.8351 108056.3524 116408.4170 124927.6228 135782.0342 142756.2630 178018.3680 2.479800101e-06 2.479800101e-06
      sorted:	 2.479800101e-06 2.479800101e-06 50.83291007 100.9087423 121.3977626 228.1551993 284.3514422 325.3037048 357.2892170 401.1825485 416.4423871 459.2782703 486.0053760 519.6654884 546.1053650 568.0995085 581.5067134 593.7836090 605.9119079 616.9720841 624.5999013 632.5551151 639.5294091 646.1936304 653.8342497 659.8156443 664.9832211 669.0846688 672.4615360 675.2004601 677.2979453 679.2513552 683.0361841 683.5743918 683.9770282 684.2527997 684.4478899 684.6433299 684.8165957 684.9547355 685.0618192 685.6834102 728.9349141 766.4678955 901.3670018 1001.850509 1246.444405 1281.032544 1387.468564 1392.656884 1426.294378 1517.615629 1544.547651 1614.044851 1672.650155 1699.124563 1781.789192 1890.075419 1945.715491 2035.460708 2116.691129 2211.450324 2331.744982 2365.688193 2415.771287 2506.760850 2645.271716 2725.258461 2802.308183 2883.420432 2949.892571 3078.784451 3182.366941 3333.022826 3484.488220 3525.054530 3687.355309 9665.034763 25260.84112 26026.12276 26629.28796 28194.64546 29741.82603 30129.89786 30510.65271 30545.20266 31890.33344 32017.62134 32110.78250 33250.96391 33651.99648 33777.15992 34085.51460 34502.29478 35411.82520 37368.24595 37932.89739 38454.60299 38670.92914 39060.12642 39706.41882 40080.52578 40895.06530 41221.73171 42122.12941 44177.85640 44873.03890 45663.69391 46308.39783 48646.20184 51983.20742 53199.37976 53720.09900 55584.34334 59038.14827 60111.10263 64151.54759 65018.50847 72214.13830 75771.43123 76406.99714 80827.85514 81084.10756 81730.28836 85223.24922 87098.83454 93512.34824 96059.09028 99643.03271 102136.3089 105193.3332 105231.1993 105763.0626 106251.8351 108056.3524 116408.4170 124927.6228 135782.0342 142756.2630 178018.3680
