    unsorted:	 684.4398409 684.6369666 684.8117699 684.9511012 685.0590891 684.2434725 683.9654105 683.5590612 685.6302882 683.0156811 679.1612514 677.1895954 675.0731321 672.3091489 668.9003272 664.7581630 659.5381442 653.4989362 645.7745735 639.0704246 632.0610268 624.0753328 616.2978398 605.0652504 729.4960061 592.7618513 580.3125520 566.7352108 763.7131182 544.0736820 517.5947292 484.0922890 456.9700756 413.5395542 405.0278566 893.1373964 354.6267530 328.2127680 1006.377015 282.3764100 228.7470348 1244.750781 1277.494925 1374.378002 1394.305024 1433.794766 1512.515803 1535.706091 1615.274103 1675.119704 1697.146366 121.8827007 99.91633306 1777.684098 50.10299710 1895.170100 1955.378869 2026.817386 2109.621072 2210.711070 2339.374270 2362.942239 2414.120805 2515.117264 2634.915755 2744.722160 2809.174851 2898.534775 2966.693161 3094.814847 3193.013175 3342.483914 3501.634582 3538.519713 3691.800244 32329.96462 32367.49464 32233.43922 33561.28437 33849.75877 34089.76023 34385.86277 34817.47563 30721.83875 30918.17540 30321.52903 30092.66966 35580.52410 38228.41381 37704.54320 38763.18083 39001.38392 39280.61794 39884.95724 40267.84025 41179.09046 41444.54242 28438.05494 26906.87359 42298.22820 26311.57105 25544.29589 44337.40303 45015.06544 45713.49258 46469.63971 9286.980184 48759.54254 52030.28520 53223.81002 53821.85709 55644.72226 59075.24542 60147.73870 64184.56947 65002.26059 72250.57706 75802.06982 76432.86678 80827.28140 81110.38512 81759.54594 85222.51027 87100.93985 93534.28650 96019.70205 99364.12271 102161.6939 105237.8405 105201.6463 105772.2368 106263.3037 108079.2851 116446.8747 124672.0687 135475.8340 142276.1386 177959.4755 2.479800101e-06 2.479800101e-06
      sorted:	 2.479800101e-06 2.479800101e-06 50.10299710 99.91633306 121.8827007 228.7470348 282.3764100 328.2127680 354.6267530 405.0278566 413.5395542 456.9700756 484.0922890 517.5947292 544.0736820 566.7352108 580.3125520 592.7618513 605.0652504 616.2978398 624.0753328 632.0610268 639.0704246 645.7745735 653.4989362 659.5381442 664.7581630 668.9003272 672.3091489 675.0731321 677.1895954 679.1612514 683.0156811 683.5590612 683.9654105 684.2434725 684.4398409 684.6369666 684.8117699 684.9511012 685.0590891 685.6302882 729.4960061 763.7131182 893.1373964 1006.377015 1244.750781 1277.494925 1374.378002 1394.305024 1433.794766 1512.515803 1535.706091 1615.274103 1675.119704 1697.146366 1777.684098 1895.170100 1955.378869 2026.817386 2109.621072 2210.711070 2339.374270 2362.942239 2414.120805 2515.117264 2634.915755 2744.722160 2809.174851 2898.534775 2966.693161 3094.814847 3193.013175 3342.483914 3501.634582 3538.519713 3691.800244 9286.980184 25544.29589 26311.57105 26906.87359 28438.05494 30092.66966 30321.52903 30721.83875 30918.17540 32233.43922 32329.96462 32367.49464 33561.28437 33849.75877 34089.76023 34385.86277 34817.47563 35580.52410 37704.54320 38228.41381 38763.18083 39001.38392 39280.61794 39884.95724 40267.84025 41179.09046 41444.54242 42298.22820 44337.40303 45015.06544 45713.49258 46469.63971 48759.54254 52030.28520 53223.81002 53821.85709 55644.72226 59075.24542 60147.73870 64184.56947 65002.26059 72250.57706 75802.06982 76432.86678 80827.28140 81110.38512 81759.54594 85222.51027 87100.93985 93534.28650 96019.70205 99364.12271 102161.6939 105201.6463 105237.8405 105772.2368 106263.3037 108079.2851 116446.8747 124672.0687 135475.8340 142276.1386 177959.4755
