    unsorted:	 684.4324975 684.6311657 684.8073807 684.9478014 685.0566127 684.2349977 683.9548302 683.5450346 685.5848308 682.9968291 679.0726186 677.0828636 674.9484711 672.1604638 668.7208251 664.5393196 659.2685480 653.1734444 645.3687979 638.6272667 631.5860847 623.5703263 615.6389605 604.2419555 729.7719124 591.7703548 579.1512854 565.3835399 761.2715161 542.0793291 515.5641989 482.2895269 454.6089236 410.6506753 408.8550305 884.5936203 352.1134316 331.2807837 1011.234777 280.5270595 229.3150697 1241.971937 1274.749019 1351.911661 1401.782220 1444.966946 1526.873448 1507.421669 1617.416712 1678.435231 1695.558700 122.3978133 98.84798713 1773.552162 49.33640047 1900.632093 1966.151191 2018.036087 2103.258631 2210.521925 2335.444086 2367.319746 2411.812377 2525.268635 2622.915664 2760.569060 2819.619261 2913.906838 2984.308863 3110.071888 3202.436401 3349.851549 3519.958317 3553.797232 3695.987487 32674.63252 32662.63879 32529.75942 33876.53365 34051.22070 34379.20838 34710.71628 35141.99040 30931.40201 31307.37453 30445.24481 30529.91156 35759.02211 28694.71236 38043.12129 38512.55600 39025.66523 39372.46595 39539.41466 40065.31811 40467.77664 41476.91208 41678.63684 27197.29346 42482.51388 26612.61955 25832.40588 44497.25880 45155.46577 45783.62734 46651.02274 8901.966423 48875.61765 52081.51790 53240.55895 53938.94016 55710.68894 59118.11767 60189.42752 64221.65821 64985.19756 72287.78984 75832.67176 76457.32556 80826.69553 81138.44846 81791.75706 85222.08802 87108.65527 93559.07081 95975.33061 99089.46154 102188.6663 105244.1451 105209.5308 105781.1352 106274.7105 108102.2305 116486.1673 124416.8085 135185.7667 141815.9723 177905.2318 2.479800101e-06 2.479800101e-06
      sorted:	 2.479800101e-06 2.479800101e-06 49.33640047 98.84798713 122.3978133 229.3150697 280.5270595 331.2807837 352.1134316 408.8550305 410.6506753 454.6089236 482.2895269 515.5641989 542.0793291 565.3835399 579.1512854 591.7703548 604.2419555 615.6389605 623.5703263 631.5860847 638.6272667 645.3687979 653.1734444 659.2685480 664.5393196 668.7208251 672.1604638 674.9484711 677.0828636 679.0726186 682.9968291 683.5450346 683.9548302 684.2349977 684.4324975 684.6311657 684.8073807 684.9478014 685.0566127 685.5848308 729.7719124 761.2715161 884.5936203 1011.234777 1241.971937 1274.749019 1351.911661 1401.782220 1444.966946 1507.421669 1526.873448 1617.416712 1678.435231 1695.558700 1773.552162 1900.632093 1966.151191 2018.036087 2103.258631 2210.521925 2335.444086 2367.319746 2411.812377 2525.268635 2622.915664 2760.569060 2819.619261 2913.906838 2984.308863 3110.071888 3202.436401 3349.851549 3519.958317 3553.797232 3695.987487 8901.966423 25832.40588 26612.61955 27197.29346 28694.71236 30445.24481 30529.91156 30931.40201 31307.37453 32529.75942 32662.63879 32674.63252 33876.53365 34051.22070 34379.20838 34710.71628 35141.99040 35759.02211 38043.12129 38512.55600 39025.66523 39372.46595 39539.41466 40065.31811 40467.77664 41476.91208 41678.63684 42482.51388 44497.25880 45155.46577 45783.62734 46651.02274 48875.61765 52081.51790 53240.55895 53938.94016 55710.68894 59118.11767 60189.42752 64221.65821 64985.19756 72287.78984 75832.67176 76457.32556 80826.69553 81138.44846 81791.75706 85222.08802 87108.65527 93559.07081 95975.33061 99089.46154 102188.6663 105209.5308 105244.1451 105781.1352 106274.7105 108102.2305 116486.1673 124416.8085 135185.7667 141815.9723 177905.2318
