    unsorted:	 684.3908405 684.5983681 684.7829437 684.9296108 685.0430239 684.1894794 685.3947429 683.8976427 683.4666531 682.8877851 678.1639914 675.9835268 673.7310656 670.7614424 667.0688970 662.5594107 656.8573237 650.2965504 641.8444497 634.8445855 627.5095746 712.6792670 619.0015766 609.6145423 596.8155747 582.9153050 749.2656232 568.6014261 551.9899715 770.0766557 523.5636178 496.4553384 467.2177936 456.5009425 428.6660844 381.8930264 378.6857400 325.6100640 270.7270393 1076.723946 1104.454432 235.5989390 1262.282192 1228.172088 1439.618877 1448.181904 1484.282755 1544.365588 1594.173377 129.7875304 1711.386447 1725.061300 82.53562600 35.82292711 1834.898051 1875.995496 1956.184532 2107.024777 2203.015247 2213.989679 2174.797153 2257.345217 2367.891815 2452.089131 2738.684475 2789.886778 3007.007918 3067.740819 3097.743139 3238.320934 3326.094898 3346.727169 3652.413827 3730.430099 3804.461709 4783.360420 37877.88709 37627.02166 37217.55597 36923.62548 36756.06983 38345.37344 38605.47380 35959.28611 35641.66092 34963.20289 39459.85633 33963.96589 33569.08890 40815.80755 42077.19796 42296.83830 42704.63859 43410.24575 43215.95787 44489.69082 44590.90217 45097.07528 45679.64481 32213.27769 31126.72639 31264.02798 46455.44976 46833.13534 29503.06535 48172.21988 50190.85765 50902.83284 53026.75750 53975.21024 55952.07664 56942.52024 60103.73967 61223.32875 64935.09621 65248.38807 72471.04701 76134.41768 76830.38529 80819.88313 81638.53845 82416.46967 85387.63980 87617.55051 93840.66950 94604.50329 97452.82210 105282.6321 105257.9452 105852.9219 102607.0913 106392.1608 108352.8944 116973.1016 121842.4041 132817.7305 138439.8097 177594.7555 2.479800101e-06 2.479800101e-06
      sorted:	 2.479800101e-06 2.479800101e-06 35.82292711 82.53562600 129.7875304 235.5989390 270.7270393 325.6100640 378.6857400 381.8930264 428.6660844 456.5009425 467.2177936 496.4553384 523.5636178 551.9899715 568.6014261 582.9153050 596.8155747 609.6145423 619.0015766 627.5095746 634.8445855 641.8444497 650.2965504 656.8573237 662.5594107 667.0688970 670.7614424 673.7310656 675.9835268 678.1639914 682.8877851 683.4666531 683.8976427 684.1894794 684.3908405 684.5983681 684.7829437 684.9296108 685.0430239 685.3947429 712.6792670 749.2656232 770.0766557 1076.723946 1104.454432 1228.172088 1262.282192 1439.618877 1448.181904 1484.282755 1544.365588 1594.173377 1711.386447 1725.061300 1834.898051 1875.995496 1956.184532 2107.024777 2174.797153 2203.015247 2213.989679 2257.345217 2367.891815 2452.089131 2738.684475 2789.886778 3007.007918 3067.740819 3097.743139 3238.320934 3326.094898 3346.727169 3652.413827 3730.430099 3804.461709 4783.360420 29503.06535 31126.72639 31264.02798 32213.27769 33569.08890 33963.96589 34963.20289 35641.66092 35959.28611 36756.06983 36923.62548 37217.55597 37627.02166 37877.88709 38345.37344 38605.47380 39459.85633 40815.80755 42077.19796 42296.83830 42704.63859 43215.95787 43410.24575 44489.69082 44590.90217 45097.07528 45679.64481 46455.44976 46833.13534 48172.21988 50190.85765 50902.83284 53026.75750 53975.21024 55952.07664 56942.52024 60103.73967 61223.32875 64935.09621 65248.38807 72471.04701 76134.41768 76830.38529 80819.88313 81638.53845 82416.46967 85387.63980 87617.55051 93840.66950 94604.50329 97452.82210 102607.0913 105257.9452 105282.6321 105852.9219 106392.1608 108352.8944 116973.1016 121842.4041 132817.7305 138439.8097 177594.7555
