    unsorted:	 684.4195747 684.6209631 684.7996814 684.9420243 685.0522820 684.2201983 683.9363201 685.5136824 683.5203558 682.9634635 678.8989968 676.8735163 674.7067470 671.8739931 668.3762751 664.1203811 658.7533354 652.5524671 644.5975971 637.7889755 630.6927774 622.6149626 614.3710291 602.6675489 729.4390165 589.8796852 576.9276005 562.7252716 757.2840232 538.2169336 511.6303614 478.9786346 449.7726745 416.5958590 404.8343112 866.5447409 348.1196687 337.2968185 1022.004523 277.2673689 230.3905176 1233.348198 1270.106506 1306.947865 1418.425989 1467.452595 1497.136992 1509.633248 123.5167208 96.48470854 1622.641226 1694.722134 1688.640566 1765.400443 47.67624866 1910.981450 1988.178307 2001.846827 2096.010038 2211.436964 2314.731286 2371.788983 2408.712618 2548.224076 2598.299354 2778.305983 2853.071128 2945.152174 3021.150021 3136.486468 3219.306762 3360.430436 3551.861035 3595.283121 3703.687094 34531.47744 34465.92442 34922.25926 35390.21733 35817.93374 33338.41596 33430.18468 33047.89800 36153.33630 31372.18229 31196.43082 32101.27842 30962.78311 40231.11170 40070.74695 40448.24815 39536.06589 39033.78846 38716.90179 40901.80601 42104.83805 42181.91982 42877.14307 29244.68847 27815.82896 27266.09062 26423.90535 44818.67091 45419.71591 46006.42922 47078.78457 8115.356086 49121.62781 52197.32222 53268.96745 54211.91983 55861.26794 59223.25646 60291.92678 64308.75717 64955.29230 72360.31870 75894.20393 76502.70064 80825.49490 81200.58548 81865.88959 85223.68465 87141.85646 93617.17581 95860.64864 98568.07531 105255.6467 105223.8984 105798.0156 102247.5222 106297.2954 108148.1304 116567.3302 123911.4643 134649.9131 140962.4549 177810.2685 2.479800101e-06 2.479800101e-06
      sorted:	 2.479800101e-06 2.479800101e-06 47.67624866 96.48470854 123.5167208 230.3905176 277.2673689 337.2968185 348.1196687 404.8343112 416.5958590 449.7726745 478.9786346 511.6303614 538.2169336 562.7252716 576.9276005 589.8796852 602.6675489 614.3710291 622.6149626 630.6927774 637.7889755 644.5975971 652.5524671 658.7533354 664.1203811 668.3762751 671.8739931 674.7067470 676.8735163 678.8989968 682.9634635 683.5203558 683.9363201 684.2201983 684.4195747 684.6209631 684.7996814 684.9420243 685.0522820 685.5136824 729.4390165 757.2840232 866.5447409 1022.004523 1233.348198 1270.106506 1306.947865 1418.425989 1467.452595 1497.136992 1509.633248 1622.641226 1688.640566 1694.722134 1765.400443 1910.981450 1988.178307 2001.846827 2096.010038 2211.436964 2314.731286 2371.788983 2408.712618 2548.224076 2598.299354 2778.305983 2853.071128 2945.152174 3021.150021 3136.486468 3219.306762 3360.430436 3551.861035 3595.283121 3703.687094 8115.356086 26423.90535 27266.09062 27815.82896 29244.68847 30962.78311 31196.43082 31372.18229 32101.27842 33047.89800 33338.41596 33430.18468 34465.92442 34531.47744 34922.25926 35390.21733 35817.93374 36153.33630 38716.90179 39033.78846 39536.06589 40070.74695 40231.11170 40448.24815 40901.80601 42104.83805 42181.91982 42877.14307 44818.67091 45419.71591 46006.42922 47078.78457 49121.62781 52197.32222 53268.96745 54211.91983 55861.26794 59223.25646 60291.92678 64308.75717 64955.29230 72360.31870 75894.20393 76502.70064 80825.49490 81200.58548 81865.88959 85223.68465 87141.85646 93617.17581 95860.64864 98568.07531 102247.5222 105223.8984 105255.6467 105798.0156 106297.2954 108148.1304 116567.3302 123911.4643 134649.9131 140962.4549 177810.2685
