    unsorted:	 684.3945244 684.6012262 684.7849318 684.9310225 685.0440558 684.1925707 683.9016796 685.4102862 683.4731888 682.8982767 678.4021657 676.2725635 674.0376788 671.1005137 667.4596960 663.0185466 657.4086087 650.9442654 642.6236223 635.6706628 628.4364726 620.1146525 611.0206131 721.0976980 598.5448377 584.9594277 571.0600661 751.0834421 555.2782631 527.8729508 500.9895287 804.4304854 470.7240534 435.2356144 441.4745609 387.9952015 366.4289831 331.3750994 271.4744124 1062.773160 233.5949353 1148.152841 1265.618496 1234.194152 1463.990459 1459.341284 1471.755929 1523.394091 127.5013520 87.71587381 1612.387161 41.10700117 1726.301541 1714.690668 1791.838058 1902.042425 1943.187000 2072.059422 2157.946352 2215.678109 2241.289086 2318.195902 2378.066654 2481.338883 2677.304679 2789.225755 2972.806900 3030.314502 3103.230183 3187.445371 3292.754784 3365.595861 3620.258884 3721.502236 3759.721681 5751.025855 35625.88487 36019.79753 35871.34898 36515.47591 36714.58826 34809.01137 37446.52541 37529.98810 34502.21554 33621.88082 38184.75308 32921.24460 32638.82056 40138.03995 41033.23502 41325.26007 41711.03092 42206.42773 42394.59587 42995.90394 43744.39072 44246.97170 44396.47462 31136.95901 29976.94560 29674.58295 45848.36113 46245.03153 28378.30868 47280.29926 48984.63556 50102.73350 52675.00555 53566.82712 55285.81281 56496.02770 59726.32657 60812.90328 64680.23409 65032.82027 72489.09725 76068.12432 76668.29221 80821.76606 81454.19852 82185.53204 85289.19207 87396.63373 93837.32831 95090.56670 97563.17340 105279.1373 105253.2885 105839.3614 102467.9790 106362.2465 108285.2913 116831.5364 122488.9491 133338.0824 139028.2400 177628.4594 2.479800101e-06 2.479800101e-06
      sorted:	 2.479800101e-06 2.479800101e-06 41.10700117 87.71587381 127.5013520 233.5949353 271.4744124 331.3750994 366.4289831 387.9952015 435.2356144 441.4745609 470.7240534 500.9895287 527.8729508 555.2782631 571.0600661 584.9594277 598.5448377 611.0206131 620.1146525 628.4364726 635.6706628 642.6236223 650.9442654 657.4086087 663.0185466 667.4596960 671.1005137 674.0376788 676.2725635 678.4021657 682.8982767 683.4731888 683.9016796 684.1925707 684.3945244 684.6012262 684.7849318 684.9310225 685.0440558 685.4102862 721.0976980 751.0834421 804.4304854 1062.773160 1148.152841 1234.194152 1265.618496 1459.341284 1463.990459 1471.755929 1523.394091 1612.387161 1714.690668 1726.301541 1791.838058 1902.042425 1943.187000 2072.059422 2157.946352 2215.678109 2241.289086 2318.195902 2378.066654 2481.338883 2677.304679 2789.225755 2972.806900 3030.314502 3103.230183 3187.445371 3292.754784 3365.595861 3620.258884 3721.502236 3759.721681 5751.025855 28378.30868 29674.58295 29976.94560 31136.95901 32638.82056 32921.24460 33621.88082 34502.21554 34809.01137 35625.88487 35871.34898 36019.79753 36515.47591 36714.58826 37446.52541 37529.98810 38184.75308 40138.03995 41033.23502 41325.26007 41711.03092 42206.42773 42394.59587 42995.90394 43744.39072 44246.97170 44396.47462 45848.36113 46245.03153 47280.29926 48984.63556 50102.73350 52675.00555 53566.82712 55285.81281 56496.02770 59726.32657 60812.90328 64680.23409 65032.82027 72489.09725 76068.12432 76668.29221 80821.76606 81454.19852 82185.53204 85289.19207 87396.63373 93837.32831 95090.56670 97563.17340 102467.9790 105253.2885 105279.1373 105839.3614 106362.2465 108285.2913 116831.5364 122488.9491 133338.0824 139028.2400 177628.4594
