    unsorted:	 684.4042024 684.6088335 684.7905628 684.9351953 685.0471663 684.2029320 683.9147442 685.4457686 683.4913393 682.9238624 678.6465351 676.5686050 674.3623621 671.4713793 667.8958777 663.5398464 658.0423301 651.6990353 643.5450255 636.6542537 629.4894789 621.3043869 612.6064397 600.4925083 726.6613325 587.2783285 573.8411279 558.8838051 753.2831149 532.7878127 506.0753979 474.6002541 442.4329039 836.9882055 428.4910858 396.2620257 353.3109999 337.2865278 273.6115297 1040.903519 231.9337874 1203.848961 1249.712997 1271.425609 125.4016489 1479.762807 1484.096185 1445.229129 1499.641791 92.39470997 1623.710198 1701.552486 1717.512868 1757.035434 44.77913347 1916.092725 1968.024309 2032.305394 2111.887740 2214.316485 2278.057114 2348.055451 2404.283545 2532.951148 2617.148414 2786.680178 2915.649610 2990.353421 3075.335815 3160.801855 3249.345847 3369.381977 3587.586856 3676.432823 3714.396496 6915.541402 34434.06040 34654.58143 35534.57912 35163.87577 35743.02437 33864.78945 36415.87317 36733.91491 37007.45973 33309.42767 32372.03491 32085.04149 31744.88963 41196.17618 39924.10258 39522.82563 40409.63745 40921.07424 41491.41392 41675.98405 42940.66834 43181.16258 43540.27117 30149.22186 28837.39830 28384.27026 27360.23038 45312.68115 45796.76628 46550.41196 47909.06946 49550.57791 52408.20348 53355.25331 54703.84747 56140.73919 59436.48039 60506.87911 64473.53683 64948.51750 72448.22275 75985.87221 76571.34875 80823.64524 81312.30136 82005.19539 85240.16780 87239.05756 93723.75286 95570.35034 97929.71802 105269.7149 105241.4596 105820.6667 102348.9541 106330.4140 108216.8876 116695.6596 123179.1691 133943.5162 139871.0137 177700.3942 2.479800101e-06 2.479800101e-06
      sorted:	 2.479800101e-06 2.479800101e-06 44.77913347 92.39470997 125.4016489 231.9337874 273.6115297 337.2865278 353.3109999 396.2620257 428.4910858 442.4329039 474.6002541 506.0753979 532.7878127 558.8838051 573.8411279 587.2783285 600.4925083 612.6064397 621.3043869 629.4894789 636.6542537 643.5450255 651.6990353 658.0423301 663.5398464 667.8958777 671.4713793 674.3623621 676.5686050 678.6465351 682.9238624 683.4913393 683.9147442 684.2029320 684.4042024 684.6088335 684.7905628 684.9351953 685.0471663 685.4457686 726.6613325 753.2831149 836.9882055 1040.903519 1203.848961 1249.712997 1271.425609 1445.229129 1479.762807 1484.096185 1499.641791 1623.710198 1701.552486 1717.512868 1757.035434 1916.092725 1968.024309 2032.305394 2111.887740 2214.316485 2278.057114 2348.055451 2404.283545 2532.951148 2617.148414 2786.680178 2915.649610 2990.353421 3075.335815 3160.801855 3249.345847 3369.381977 3587.586856 3676.432823 3714.396496 6915.541402 27360.23038 28384.27026 28837.39830 30149.22186 31744.88963 32085.04149 32372.03491 33309.42767 33864.78945 34434.06040 34654.58143 35163.87577 35534.57912 35743.02437 36415.87317 36733.91491 37007.45973 39522.82563 39924.10258 40409.63745 40921.07424 41196.17618 41491.41392 41675.98405 42940.66834 43181.16258 43540.27117 45312.68115 45796.76628 46550.41196 47909.06946 49550.57791 52408.20348 53355.25331 54703.84747 56140.73919 59436.48039 60506.87911 64473.53683 64948.51750 72448.22275 75985.87221 76571.34875 80823.64524 81312.30136 82005.19539 85240.16780 87239.05756 93723.75286 95570.35034 97929.71802 102348.9541 105241.4596 105269.7149 105820.6667 106330.4140 108216.8876 116695.6596 123179.1691 133943.5162 139871.0137 177700.3942
