    unsorted:	 684.5302787 684.7085023 684.8662065 684.9921908 685.0899954 684.3495402 684.0973675 683.7319610 683.2451882 686.5007276 680.0159264 678.2145381 676.3067990 673.8021354 670.7187690 666.9880376 662.2977624 656.8398311 649.9921694 643.7390344 637.1813404 629.6163449 622.8089203 715.2643395 613.4283711 602.9580122 592.1910628 579.3533742 563.2207145 537.5063097 799.8282944 505.4855860 475.5568950 439.1169051 381.4180442 369.6684269 956.0374576 973.9765921 312.7380968 299.5030381 222.6229237 1229.523496 1285.957431 1338.390518 1371.166019 1570.980062 1549.671364 1601.762472 1650.014015 1682.931066 1718.177496 118.5261612 106.3132761 1803.853463 55.85874765 1878.988438 1931.800357 2099.065248 2105.059789 2240.572435 2212.195040 2323.545223 2461.182190 2488.643273 2528.904836 2659.661497 2765.736844 2774.901501 2851.536428 2959.835583 3052.113065 3181.614912 3414.707193 3461.445204 3639.724894 29256.12503 29298.18178 28973.08289 29826.79012 30961.74197 30871.95699 30336.94070 32009.24328 32191.92616 32461.98407 27786.98325 27141.84943 26692.54442 34753.02322 34318.48083 35509.20255 35709.49132 36531.64380 24884.10307 24110.96152 37897.12825 38283.27776 38870.46327 39317.58128 39899.52011 23173.03627 40962.70857 42905.45991 43899.33067 45234.43841 45911.43534 12340.92868 47739.66016 51729.22089 52662.60018 53268.64429 55249.80224 58885.24861 59871.12714 64007.35681 64995.64165 72033.88188 75512.60935 76206.06353 80831.77232 80930.37934 81585.24717 85230.19217 87258.91843 93431.50746 96364.97592 102037.8219 101741.3355 105168.5087 105114.5013 105682.0795 106159.0592 107874.3085 116129.4172 126858.9281 138924.7106 147104.7541 178673.1811 2.479800101e-06 2.479800101e-06
      sorted:	 2.479800101e-06 2.479800101e-06 55.85874765 106.3132761 118.5261612 222.6229237 299.5030381 312.7380968 369.6684269 381.4180442 439.1169051 475.5568950 505.4855860 537.5063097 563.2207145 579.3533742 592.1910628 602.9580122 613.4283711 622.8089203 629.6163449 637.1813404 643.7390344 649.9921694 656.8398311 662.2977624 666.9880376 670.7187690 673.8021354 676.3067990 678.2145381 680.0159264 683.2451882 683.7319610 684.0973675 684.3495402 684.5302787 684.7085023 684.8662065 684.9921908 685.0899954 686.5007276 715.2643395 799.8282944 956.0374576 973.9765921 1229.523496 1285.957431 1338.390518 1371.166019 1549.671364 1570.980062 1601.762472 1650.014015 1682.931066 1718.177496 1803.853463 1878.988438 1931.800357 2099.065248 2105.059789 2212.195040 2240.572435 2323.545223 2461.182190 2488.643273 2528.904836 2659.661497 2765.736844 2774.901501 2851.536428 2959.835583 3052.113065 3181.614912 3414.707193 3461.445204 3639.724894 12340.92868 23173.03627 24110.96152 24884.10307 26692.54442 27141.84943 27786.98325 28973.08289 29256.12503 29298.18178 29826.79012 30336.94070 30871.95699 30961.74197 32009.24328 32191.92616 32461.98407 34318.48083 34753.02322 35509.20255 35709.49132 36531.64380 37897.12825 38283.27776 38870.46327 39317.58128 39899.52011 40962.70857 42905.45991 43899.33067 45234.43841 45911.43534 47739.66016 51729.22089 52662.60018 53268.64429 55249.80224 58885.24861 59871.12714 64007.35681 64995.64165 72033.88188 75512.60935 76206.06353 80831.77232 80930.37934 81585.24717 85230.19217 87258.91843 93431.50746 96364.97592 101741.3355 102037.8219 105114.5013 105168.5087 105682.0795 106159.0592 107874.3085 116129.4172 126858.9281 138924.7106 147104.7541 178673.1811
