    unsorted:	 684.5179961 684.6987775 684.8587803 684.9865702 685.0857605 684.3350296 684.0793772 683.7085649 683.2143768 686.3504673 679.9157998 678.0948771 676.1599148 673.6229324 670.4994827 666.7184509 661.9632939 656.4347045 649.4761936 643.1630201 636.5401810 628.9014919 622.0421792 717.7800183 612.4256978 601.7228835 590.7538165 577.9119931 561.0414112 535.1656306 794.6317370 502.6922405 473.6835678 436.3869719 378.2524379 373.6510047 950.3065185 977.0396955 312.5442947 298.5589485 223.3773646 1233.620235 1300.238247 1332.266236 1369.591353 118.8009458 105.8554205 1561.922157 1540.555415 1596.389095 1641.248349 1677.891672 1715.139676 55.26248206 1802.859290 1876.156968 1927.552484 2091.796890 2119.698223 2235.435007 2223.862319 2331.991042 2454.130614 2492.380678 2546.964780 2668.834206 2775.365579 2783.714753 2861.398776 2971.794448 3071.065788 3203.923776 3429.406825 3456.843690 3647.090461 31253.29544 31196.76934 30075.91559 30552.60425 29569.21966 29373.11604 29125.19778 32256.32500 32434.84537 32621.19144 28072.03131 27448.32658 26854.86208 35074.44539 34437.97194 35805.81328 36017.35847 36775.37024 25059.33455 38031.82314 38449.50623 39015.32178 39432.85443 40020.21183 24327.62505 23415.49248 41086.83117 43063.54193 44001.63882 45885.07425 45310.42144 12046.81315 47855.97709 51751.22337 52740.12603 53326.69431 55280.86866 58895.05273 59905.89438 64015.87185 65016.90716 72042.24083 75544.47832 76224.07507 80831.36459 80944.18597 81595.70712 85228.58012 87223.03542 93433.17076 96319.82347 101523.9455 102017.6367 105177.0874 105125.3229 105692.7704 106170.6630 107896.8402 116161.5476 126635.9782 138458.1850 146526.5635 178571.9939 2.479800101e-06 2.479800101e-06
      sorted:	 2.479800101e-06 2.479800101e-06 55.26248206 105.8554205 118.8009458 223.3773646 298.5589485 312.5442947 373.6510047 378.2524379 436.3869719 473.6835678 502.6922405 535.1656306 561.0414112 577.9119931 590.7538165 601.7228835 612.4256978 622.0421792 628.9014919 636.5401810 643.1630201 649.4761936 656.4347045 661.9632939 666.7184509 670.4994827 673.6229324 676.1599148 678.0948771 679.9157998 683.2143768 683.7085649 684.0793772 684.3350296 684.5179961 684.6987775 684.8587803 684.9865702 685.0857605 686.3504673 717.7800183 794.6317370 950.3065185 977.0396955 1233.620235 1300.238247 1332.266236 1369.591353 1540.555415 1561.922157 1596.389095 1641.248349 1677.891672 1715.139676 1802.859290 1876.156968 1927.552484 2091.796890 2119.698223 2223.862319 2235.435007 2331.991042 2454.130614 2492.380678 2546.964780 2668.834206 2775.365579 2783.714753 2861.398776 2971.794448 3071.065788 3203.923776 3429.406825 3456.843690 3647.090461 12046.81315 23415.49248 24327.62505 25059.33455 26854.86208 27448.32658 28072.03131 29125.19778 29373.11604 29569.21966 30075.91559 30552.60425 31196.76934 31253.29544 32256.32500 32434.84537 32621.19144 34437.97194 35074.44539 35805.81328 36017.35847 36775.37024 38031.82314 38449.50623 39015.32178 39432.85443 40020.21183 41086.83117 43063.54193 44001.63882 45310.42144 45885.07425 47855.97709 51751.22337 52740.12603 53326.69431 55280.86866 58895.05273 59905.89438 64015.87185 65016.90716 72042.24083 75544.47832 76224.07507 80831.36459 80944.18597 81595.70712 85228.58012 87223.03542 93433.17076 96319.82347 101523.9455 102017.6367 105125.3229 105177.0874 105692.7704 106170.6630 107896.8402 116161.5476 126635.9782 138458.1850 146526.5635 178571.9939
