    unsorted:	 684.3917802 684.5990973 684.7834425 684.9299627 685.0432822 684.1901359 685.3983439 683.8984737 683.4681118 682.8902652 678.2435881 676.0799832 673.8321390 670.8715985 667.1946031 662.7058169 657.0319244 650.5002384 642.0877003 635.1021322 627.8066394 619.3681477 715.8072546 610.0642298 597.3690938 583.5671444 750.0811967 569.3835114 553.0449307 781.4349193 524.9264652 497.8988936 468.3485886 451.1661164 430.7810418 382.9439820 375.5520341 327.4738169 270.8321398 1076.420444 1113.426089 234.8850354 1263.185037 1229.629792 1445.916867 1453.866097 1481.536011 1537.704997 1600.636771 129.0052745 1716.963601 1722.769381 84.31532874 37.85992598 1826.444669 1885.259023 1944.433558 2096.579172 2212.246943 2219.330467 2175.778703 2290.918852 2365.228983 2452.313449 2718.816114 2789.906166 2999.843812 3055.878144 3098.897403 3220.805032 3327.595522 3345.946502 3641.878057 3728.056221 3797.323316 5065.249158 37475.92073 37209.77128 36836.70469 36500.40245 36440.99291 38225.08842 38047.69943 35554.31758 35263.27693 34505.39249 39024.79853 33590.28538 33257.42125 40577.57244 41950.69722 41756.03120 42344.65088 42890.71539 43040.21485 43984.98572 44297.26070 44808.39439 45233.76884 31843.33636 30812.94732 30628.82051 46244.26415 46617.62202 29114.87426 47856.43520 49793.96453 50592.77693 52897.31064 53812.44752 55721.04320 56782.34961 59967.47246 61074.42673 64843.49609 65160.76255 72483.53901 76113.51313 76767.28775 80820.50956 81571.49147 82333.22293 85348.47682 87536.67984 93872.07437 94737.25729 97467.07999 105282.2277 105257.3033 105849.0662 102558.3159 106382.4554 108330.4892 116925.4861 122053.1792 132982.9832 138608.0653 177601.6313 2.479800101e-06 2.479800101e-06
      sorted:	 2.479800101e-06 2.479800101e-06 37.85992598 84.31532874 129.0052745 234.8850354 270.8321398 327.4738169 375.5520341 382.9439820 430.7810418 451.1661164 468.3485886 497.8988936 524.9264652 553.0449307 569.3835114 583.5671444 597.3690938 610.0642298 619.3681477 627.8066394 635.1021322 642.0877003 650.5002384 657.0319244 662.7058169 667.1946031 670.8715985 673.8321390 676.0799832 678.2435881 682.8902652 683.4681118 683.8984737 684.1901359 684.3917802 684.5990973 684.7834425 684.9299627 685.0432822 685.3983439 715.8072546 750.0811967 781.4349193 1076.420444 1113.426089 1229.629792 1263.185037 1445.916867 1453.866097 1481.536011 1537.704997 1600.636771 1716.963601 1722.769381 1826.444669 1885.259023 1944.433558 2096.579172 2175.778703 2212.246943 2219.330467 2290.918852 2365.228983 2452.313449 2718.816114 2789.906166 2999.843812 3055.878144 3098.897403 3220.805032 3327.595522 3345.946502 3641.878057 3728.056221 3797.323316 5065.249158 29114.87426 30628.82051 30812.94732 31843.33636 33257.42125 33590.28538 34505.39249 35263.27693 35554.31758 36440.99291 36500.40245 36836.70469 37209.77128 37475.92073 38047.69943 38225.08842 39024.79853 40577.57244 41756.03120 41950.69722 42344.65088 42890.71539 43040.21485 43984.98572 44297.26070 44808.39439 45233.76884 46244.26415 46617.62202 47856.43520 49793.96453 50592.77693 52897.31064 53812.44752 55721.04320 56782.34961 59967.47246 61074.42673 64843.49609 65160.76255 72483.53901 76113.51313 76767.28775 80820.50956 81571.49147 82333.22293 85348.47682 87536.67984 93872.07437 94737.25729 97467.07999 102558.3159 105257.3033 105282.2277 105849.0662 106382.4554 108330.4892 116925.4861 122053.1792 132982.9832 138608.0653 177601.6313
