    unsorted:	 684.4955031 684.6809830 684.8452181 684.9763217 685.0780469 684.3085091 684.0464023 683.6654909 683.1573845 686.0967212 679.7199811 677.8603805 675.8738300 673.2746799 670.0737713 666.1952372 661.3145736 655.6487191 648.4783113 642.0522420 635.3097598 627.5504995 620.5387443 610.4689506 722.1646036 599.3227270 587.9601451 575.0643859 556.6908637 530.5719801 785.0478138 497.3668833 469.8496502 430.8078456 371.9046914 381.6942816 937.8790272 983.2811919 314.3080266 295.1130480 224.8417734 1240.329929 1309.190159 1339.687853 1369.934274 119.4131280 104.7729258 1512.922830 1545.683584 1584.510607 1626.880176 1671.555891 1710.109136 54.07120622 1799.325654 1874.831159 1923.247531 2076.494744 2135.964967 2224.856085 2250.608297 2353.897818 2437.616699 2492.173801 2594.338224 2678.839691 2784.510610 2810.141687 2882.190833 2998.793014 3108.113831 3247.890929 3448.340314 3461.186882 3660.484664 33046.84609 32706.55716 32890.46127 31957.02553 31772.61552 30984.63885 30591.11725 30197.28333 29624.25479 29403.29637 28702.76235 28076.03444 34686.22370 35722.03603 36408.28056 36673.97918 37286.22256 27183.70357 38294.07378 38800.05557 39305.45141 39734.35015 40298.42099 25442.38562 24775.12624 23916.41686 41351.13369 43381.37291 44221.47103 45457.49959 45870.97808 11420.86025 48086.06616 51802.40684 52898.82872 53423.54611 55350.45127 58920.35120 59966.24078 64039.90185 65044.15145 72071.78500 75611.27129 76269.65752 80830.47148 80976.53991 81622.77454 85226.69471 87164.47106 93443.30704 96238.39375 101018.1773 102034.9178 105193.7056 105146.2581 105713.7534 106193.9150 107942.1462 116228.1691 126171.3754 137590.5250 145392.9426 178387.0631 2.479800101e-06 2.479800101e-06
      sorted:	 2.479800101e-06 2.479800101e-06 54.07120622 104.7729258 119.4131280 224.8417734 295.1130480 314.3080266 371.9046914 381.6942816 430.8078456 469.8496502 497.3668833 530.5719801 556.6908637 575.0643859 587.9601451 599.3227270 610.4689506 620.5387443 627.5504995 635.3097598 642.0522420 648.4783113 655.6487191 661.3145736 666.1952372 670.0737713 673.2746799 675.8738300 677.8603805 679.7199811 683.1573845 683.6654909 684.0464023 684.3085091 684.4955031 684.6809830 684.8452181 684.9763217 685.0780469 686.0967212 722.1646036 785.0478138 937.8790272 983.2811919 1240.329929 1309.190159 1339.687853 1369.934274 1512.922830 1545.683584 1584.510607 1626.880176 1671.555891 1710.109136 1799.325654 1874.831159 1923.247531 2076.494744 2135.964967 2224.856085 2250.608297 2353.897818 2437.616699 2492.173801 2594.338224 2678.839691 2784.510610 2810.141687 2882.190833 2998.793014 3108.113831 3247.890929 3448.340314 3461.186882 3660.484664 11420.86025 23916.41686 24775.12624 25442.38562 27183.70357 28076.03444 28702.76235 29403.29637 29624.25479 30197.28333 30591.11725 30984.63885 31772.61552 31957.02553 32706.55716 32890.46127 33046.84609 34686.22370 35722.03603 36408.28056 36673.97918 37286.22256 38294.07378 38800.05557 39305.45141 39734.35015 40298.42099 41351.13369 43381.37291 44221.47103 45457.49959 45870.97808 48086.06616 51802.40684 52898.82872 53423.54611 55350.45127 58920.35120 59966.24078 64039.90185 65044.15145 72071.78500 75611.27129 76269.65752 80830.47148 80976.53991 81622.77454 85226.69471 87164.47106 93443.30704 96238.39375 101018.1773 102034.9178 105146.2581 105193.7056 105713.7534 106193.9150 107942.1462 116228.1691 126171.3754 137590.5250 145392.9426 178387.0631
