    unsorted:	 684.4562213 684.6499142 684.8215886 684.9584941 685.0646415 684.2624893 683.9891198 683.5903552 685.7450759 683.0575439 679.3422180 677.4072125 675.3297709 672.6169034 669.2731224 665.2137525 660.1003876 654.1786802 646.6252623 640.0036212 633.0680689 625.1448191 617.6605012 606.7810986 728.0972281 594.8349037 582.7334404 569.4745995 548.1707942 769.5421894 521.7750139 488.0358195 461.5250457 419.3418964 397.3244276 909.2858431 360.0606743 322.5956004 997.6346638 286.4320364 227.5388527 1247.004539 1285.519546 1381.345189 1394.641115 1434.312182 1553.291287 1522.764176 1613.963415 1670.913921 1701.280560 120.9431437 101.8257534 51.52992206 1785.822209 1885.550589 1937.464430 2043.953683 2123.741554 2212.807088 2317.311701 2370.954303 2416.905542 2500.361434 2652.734788 2704.600891 2797.541553 2868.521326 2934.090572 3062.349775 3170.301688 3320.937197 3470.268763 3512.270454 3682.632048 30326.63202 30167.59963 29943.18611 29396.80896 31714.86026 31539.86517 31874.53727 32945.69424 33411.34499 33486.24643 33812.10259 34195.34823 35251.93690 27965.05932 37034.61300 37630.78992 38102.45527 38378.30358 38873.20937 39527.18856 39906.40267 40625.93422 41011.02990 26364.82037 25754.74798 41953.84499 24982.01704 44018.48962 44732.63367 45627.41568 46167.46067 10035.19911 48534.38730 51940.07382 53163.03521 53635.38029 55529.09568 59006.29366 60078.47464 64122.39064 65032.46693 72179.40191 75740.56335 76379.88046 80828.41480 81059.50167 81703.80675 85224.06816 87102.10262 93493.21315 96095.52811 99923.31807 102112.4989 105224.2439 105184.6184 105753.6340 106240.3146 108033.4393 116370.7787 125182.3463 136105.4397 143254.5300 178082.0258 2.479800101e-06 2.479800101e-06
      sorted:	 2.479800101e-06 2.479800101e-06 51.52992206 101.8257534 120.9431437 227.5388527 286.4320364 322.5956004 360.0606743 397.3244276 419.3418964 461.5250457 488.0358195 521.7750139 548.1707942 569.4745995 582.7334404 594.8349037 606.7810986 617.6605012 625.1448191 633.0680689 640.0036212 646.6252623 654.1786802 660.1003876 665.2137525 669.2731224 672.6169034 675.3297709 677.4072125 679.3422180 683.0575439 683.5903552 683.9891198 684.2624893 684.4562213 684.6499142 684.8215886 684.9584941 685.0646415 685.7450759 728.0972281 769.5421894 909.2858431 997.6346638 1247.004539 1285.519546 1381.345189 1394.641115 1434.312182 1522.764176 1553.291287 1613.963415 1670.913921 1701.280560 1785.822209 1885.550589 1937.464430 2043.953683 2123.741554 2212.807088 2317.311701 2370.954303 2416.905542 2500.361434 2652.734788 2704.600891 2797.541553 2868.521326 2934.090572 3062.349775 3170.301688 3320.937197 3470.268763 3512.270454 3682.632048 10035.19911 24982.01704 25754.74798 26364.82037 27965.05932 29396.80896 29943.18611 30167.59963 30326.63202 31539.86517 31714.86026 31874.53727 32945.69424 33411.34499 33486.24643 33812.10259 34195.34823 35251.93690 37034.61300 37630.78992 38102.45527 38378.30358 38873.20937 39527.18856 39906.40267 40625.93422 41011.02990 41953.84499 44018.48962 44732.63367 45627.41568 46167.46067 48534.38730 51940.07382 53163.03521 53635.38029 55529.09568 59006.29366 60078.47464 64122.39064 65032.46693 72179.40191 75740.56335 76379.88046 80828.41480 81059.50167 81703.80675 85224.06816 87102.10262 93493.21315 96095.52811 99923.31807 102112.4989 105184.6184 105224.2439 105753.6340 106240.3146 108033.4393 116370.7787 125182.3463 136105.4397 143254.5300 178082.0258
