    unsorted:	 684.3969303 684.6031103 684.7863067 684.9320315 685.0448044 684.1950376 683.9048249 685.4193517 683.4777034 682.9048402 678.4823990 676.3699302 674.1433555 671.2202043 667.5997704 663.1852592 657.6107182 651.1841791 642.9153694 635.9811635 628.7718244 620.4998134 611.5287677 723.2654290 599.1689084 585.7011864 571.9523182 751.6659938 556.4491757 529.4486754 502.6281888 815.6002724 471.9708858 437.8605510 436.7037585 390.6986355 361.8556432 333.3836564 1055.243774 272.0236479 233.0122098 1167.471770 1237.673203 1267.151762 1466.444187 1461.355578 1472.669796 1515.735318 126.7797962 89.33503578 1617.226279 1710.119270 1728.581726 1773.533282 42.45102248 1908.614115 1949.727796 2058.996195 2141.860718 2215.652898 2253.276694 2326.992599 2389.482068 2498.828356 2656.481253 2788.629327 2955.257347 3017.463297 3099.494480 3175.152633 3276.930418 3369.154606 3609.417612 3717.011926 3735.676589 6128.752331 35218.35335 35497.74664 35687.77150 36196.08563 36362.89890 34474.12705 37106.57880 37248.60277 37779.55699 34110.13640 33195.46646 32624.43747 32332.61293 39931.47764 40657.28695 41021.48310 41433.17488 41857.76670 42105.83688 42520.23190 43474.65095 44052.66331 43926.67739 30798.63598 29583.17361 29225.16115 45662.84136 46082.97775 28028.25981 47019.07230 48600.91738 49900.22332 52578.53923 53477.94786 55082.15735 56368.32237 59620.53968 60699.79186 64606.62198 64991.60909 72481.81274 76042.50257 76630.44833 80822.39409 81402.85739 82120.29573 85268.11835 87337.21143 93801.53779 95268.11324 97652.92475 105276.5818 105250.0605 105833.6326 102426.2037 106351.8113 108262.5514 116785.4780 122714.0806 133529.5806 139280.7846 177648.2458 2.479800101e-06 2.479800101e-06
      sorted:	 2.479800101e-06 2.479800101e-06 42.45102248 89.33503578 126.7797962 233.0122098 272.0236479 333.3836564 361.8556432 390.6986355 436.7037585 437.8605510 471.9708858 502.6281888 529.4486754 556.4491757 571.9523182 585.7011864 599.1689084 611.5287677 620.4998134 628.7718244 635.9811635 642.9153694 651.1841791 657.6107182 663.1852592 667.5997704 671.2202043 674.1433555 676.3699302 678.4823990 682.9048402 683.4777034 683.9048249 684.1950376 684.3969303 684.6031103 684.7863067 684.9320315 685.0448044 685.4193517 723.2654290 751.6659938 815.6002724 1055.243774 1167.471770 1237.673203 1267.151762 1461.355578 1466.444187 1472.669796 1515.735318 1617.226279 1710.119270 1728.581726 1773.533282 1908.614115 1949.727796 2058.996195 2141.860718 2215.652898 2253.276694 2326.992599 2389.482068 2498.828356 2656.481253 2788.629327 2955.257347 3017.463297 3099.494480 3175.152633 3276.930418 3369.154606 3609.417612 3717.011926 3735.676589 6128.752331 28028.25981 29225.16115 29583.17361 30798.63598 32332.61293 32624.43747 33195.46646 34110.13640 34474.12705 35218.35335 35497.74664 35687.77150 36196.08563 36362.89890 37106.57880 37248.60277 37779.55699 39931.47764 40657.28695 41021.48310 41433.17488 41857.76670 42105.83688 42520.23190 43474.65095 43926.67739 44052.66331 45662.84136 46082.97775 47019.07230 48600.91738 49900.22332 52578.53923 53477.94786 55082.15735 56368.32237 59620.53968 60699.79186 64606.62198 64991.60909 72481.81274 76042.50257 76630.44833 80822.39409 81402.85739 82120.29573 85268.11835 87337.21143 93801.53779 95268.11324 97652.92475 102426.2037 105250.0605 105276.5818 105833.6326 106351.8113 108262.5514 116785.4780 122714.0806 133529.5806 139280.7846 177648.2458
