    unsorted:	 684.4087076 684.6123867 684.7932266 684.9371871 685.0486570 684.2079323 683.9209976 685.4640840 683.4998074 682.9355039 678.7295719 676.6689714 674.4746487 671.6018832 668.0510891 663.7268945 658.2709949 651.9729088 643.8817740 637.0160196 629.8730287 621.7262737 613.1754950 601.1924352 727.8943418 588.1140131 574.8366005 560.1416719 754.3808799 534.5447437 507.8783222 475.9940067 444.8719174 847.1777085 424.4554860 399.0970483 349.8081405 338.7967211 1034.236904 274.6592363 231.4187127 1217.483964 1259.236855 1276.115735 1487.879249 1484.129721 1495.530502 1436.310599 124.7475580 93.82781266 1624.856915 1698.153241 1706.439291 1758.408465 45.81000610 1916.486580 1977.846227 2018.996926 2102.192175 2213.328976 2290.519676 2358.288442 2407.416268 2547.238123 2600.979041 2784.997758 2894.634239 2975.803776 3058.197535 3154.622456 3237.920185 3367.323614 3576.380345 3648.520939 3710.771259 7315.694859 35196.10633 34923.12039 35462.59046 34057.93732 34237.53302 33582.32919 36073.47931 36467.62058 36662.44240 32906.01758 31975.89509 31833.25708 31469.73378 39585.98786 39298.78793 40107.49359 40658.51900 40905.62938 41083.93697 41385.82020 42674.65465 42819.70359 43309.01194 29838.04903 28484.23798 27992.65297 27040.35200 45145.25102 45667.91685 46345.11105 47604.98439 49397.12013 52332.52153 53316.29140 54529.56353 56039.81473 59357.42298 60425.98377 64413.96829 64943.15685 72423.08650 75955.75339 76547.12282 80824.26648 81272.21370 81954.63508 85231.96526 87200.11518 93686.02798 95687.70055 98116.31938 105265.4912 105236.1855 105813.5099 102313.2990 106319.4946 108193.9929 116652.0056 123418.9751 134167.0062 140208.0743 177732.7629 2.479800101e-06 2.479800101e-06
      sorted:	 2.479800101e-06 2.479800101e-06 45.81000610 93.82781266 124.7475580 231.4187127 274.6592363 338.7967211 349.8081405 399.0970483 424.4554860 444.8719174 475.9940067 507.8783222 534.5447437 560.1416719 574.8366005 588.1140131 601.1924352 613.1754950 621.7262737 629.8730287 637.0160196 643.8817740 651.9729088 658.2709949 663.7268945 668.0510891 671.6018832 674.4746487 676.6689714 678.7295719 682.9355039 683.4998074 683.9209976 684.2079323 684.4087076 684.6123867 684.7932266 684.9371871 685.0486570 685.4640840 727.8943418 754.3808799 847.1777085 1034.236904 1217.483964 1259.236855 1276.115735 1436.310599 1484.129721 1487.879249 1495.530502 1624.856915 1698.153241 1706.439291 1758.408465 1916.486580 1977.846227 2018.996926 2102.192175 2213.328976 2290.519676 2358.288442 2407.416268 2547.238123 2600.979041 2784.997758 2894.634239 2975.803776 3058.197535 3154.622456 3237.920185 3367.323614 3576.380345 3648.520939 3710.771259 7315.694859 27040.35200 27992.65297 28484.23798 29838.04903 31469.73378 31833.25708 31975.89509 32906.01758 33582.32919 34057.93732 34237.53302 34923.12039 35196.10633 35462.59046 36073.47931 36467.62058 36662.44240 39298.78793 39585.98786 40107.49359 40658.51900 40905.62938 41083.93697 41385.82020 42674.65465 42819.70359 43309.01194 45145.25102 45667.91685 46345.11105 47604.98439 49397.12013 52332.52153 53316.29140 54529.56353 56039.81473 59357.42298 60425.98377 64413.96829 64943.15685 72423.08650 75955.75339 76547.12282 80824.26648 81272.21370 81954.63508 85231.96526 87200.11518 93686.02798 95687.70055 98116.31938 102313.2990 105236.1855 105265.4912 105813.5099 106319.4946 108193.9929 116652.0056 123418.9751 134167.0062 140208.0743 177732.7629
