    unsorted:	 684.4850999 684.6727569 684.8389609 684.9716022 685.0744994 684.2962719 684.0311473 683.6454871 683.1308150 685.9909835 679.6238077 677.7450939 675.7342315 673.1052726 669.8670768 665.9415142 661.0002941 655.2680186 647.9967259 641.5180164 634.7214281 626.9133288 619.8023205 609.5172552 724.0167547 598.1601791 586.6068495 573.6545785 554.5311103 780.6980281 528.3219570 494.8576838 467.8633004 427.9713208 931.1938482 385.6326966 368.8527143 986.5667990 315.9255804 292.9951699 225.5478407 1243.007812 1303.396263 1372.056112 1353.306803 1494.638524 1539.267032 1577.561483 1621.604457 1670.092723 1707.867584 119.7546583 104.1392349 1796.608152 53.46380707 1876.161262 1923.755304 2068.575085 2137.189674 2220.903040 2266.127793 2364.047254 2429.659730 2492.228179 2618.530290 2680.103225 2787.700054 2824.488987 2893.585415 3013.790345 3125.506557 3268.861012 3449.756988 3473.793921 3666.561009 30522.33414 30859.46569 31202.59071 29783.01434 29538.90919 32059.17071 32325.82131 32910.21173 33100.08601 33317.79521 29039.76049 28397.71711 34817.85366 36047.62880 36712.98231 37019.69112 37551.84376 38426.49014 27359.99907 38981.12843 39448.33713 39924.37530 40456.75284 25652.64813 25007.52132 41492.00192 24174.97870 43540.63156 44340.18510 45518.14684 45897.87223 11090.17436 48199.40647 51832.05704 52976.50378 53467.30608 55389.60870 58936.68215 59993.75840 64055.86783 65049.27966 72092.97413 75644.58465 76296.00804 80829.98855 80995.01458 81639.53191 85226.07948 87141.85756 93451.94895 96201.16569 100751.5865 102051.1373 105201.7071 105156.3238 105724.0107 106205.5430 107964.8987 116262.6493 125930.5262 137188.8448 144839.9733 178302.9465 2.479800101e-06 2.479800101e-06
      sorted:	 2.479800101e-06 2.479800101e-06 53.46380707 104.1392349 119.7546583 225.5478407 292.9951699 315.9255804 368.8527143 385.6326966 427.9713208 467.8633004 494.8576838 528.3219570 554.5311103 573.6545785 586.6068495 598.1601791 609.5172552 619.8023205 626.9133288 634.7214281 641.5180164 647.9967259 655.2680186 661.0002941 665.9415142 669.8670768 673.1052726 675.7342315 677.7450939 679.6238077 683.1308150 683.6454871 684.0311473 684.2962719 684.4850999 684.6727569 684.8389609 684.9716022 685.0744994 685.9909835 724.0167547 780.6980281 931.1938482 986.5667990 1243.007812 1303.396263 1353.306803 1372.056112 1494.638524 1539.267032 1577.561483 1621.604457 1670.092723 1707.867584 1796.608152 1876.161262 1923.755304 2068.575085 2137.189674 2220.903040 2266.127793 2364.047254 2429.659730 2492.228179 2618.530290 2680.103225 2787.700054 2824.488987 2893.585415 3013.790345 3125.506557 3268.861012 3449.756988 3473.793921 3666.561009 11090.17436 24174.97870 25007.52132 25652.64813 27359.99907 28397.71711 29039.76049 29538.90919 29783.01434 30522.33414 30859.46569 31202.59071 32059.17071 32325.82131 32910.21173 33100.08601 33317.79521 34817.85366 36047.62880 36712.98231 37019.69112 37551.84376 38426.49014 38981.12843 39448.33713 39924.37530 40456.75284 41492.00192 43540.63156 44340.18510 45518.14684 45897.87223 48199.40647 51832.05704 52976.50378 53467.30608 55389.60870 58936.68215 59993.75840 64055.86783 65049.27966 72092.97413 75644.58465 76296.00804 80829.98855 80995.01458 81639.53191 85226.07948 87141.85756 93451.94895 96201.16569 100751.5865 102051.1373 105156.3238 105201.7071 105724.0107 106205.5430 107964.8987 116262.6493 125930.5262 137188.8448 144839.9733 178302.9465
