    unsorted:	 684.4750529 684.6648103 684.8329143 684.9670380 685.0710663 684.2844882 684.0164830 683.6262663 683.1052937 685.8978455 679.5288827 677.6312255 675.5971128 672.9392584 669.6648348 665.6934269 660.6932403 654.8961467 647.5274027 640.9985112 634.1516765 626.3007346 619.0767188 608.5848215 725.6285049 597.0241324 585.2841433 572.2529166 552.3879724 776.6592249 526.1045997 492.4627283 465.8172354 425.1113833 389.5518335 365.8541769 924.1990115 317.8790254 990.0264370 290.7962901 226.2339267 1245.117351 1296.993080 1376.237528 1366.432571 1474.556997 1569.950901 1533.470120 1617.694918 1669.576822 1705.677436 120.1226487 103.4388453 52.84103458 1793.354384 1878.513297 1926.300238 2060.508398 2134.857895 2217.531589 2283.091623 2371.176271 2423.053193 2493.337772 2640.405599 2680.795157 2790.709886 2839.069340 2905.942663 3029.557583 3141.785912 3288.451800 3453.158562 3486.789189 3672.259783 30854.55654 31135.93943 31422.84782 29955.19384 32349.95952 32696.01757 33102.20169 33322.15412 33602.69234 29685.17809 29384.00189 28724.91981 34955.59477 36374.66873 37019.03917 37375.01622 37822.92697 38563.92553 39163.73250 27548.13632 39593.33403 40138.31930 40628.27971 25876.36226 25247.21127 41639.16155 24438.87737 43699.92245 44465.14953 45563.61372 45957.23962 10748.53177 48311.64258 51864.72779 53049.12977 53513.42153 55432.16174 58956.10260 60020.90476 64074.78246 65048.72049 72118.22636 75677.27768 76323.70446 80829.48352 81014.99439 81658.55379 85225.48971 87123.81978 93463.09104 96165.48218 100479.2731 102069.7616 105209.4772 105166.0886 105734.0889 106217.1588 107987.7049 116297.9067 125684.8253 136807.9366 144298.1521 178224.1727 2.479800101e-06 2.479800101e-06
      sorted:	 2.479800101e-06 2.479800101e-06 52.84103458 103.4388453 120.1226487 226.2339267 290.7962901 317.8790254 365.8541769 389.5518335 425.1113833 465.8172354 492.4627283 526.1045997 552.3879724 572.2529166 585.2841433 597.0241324 608.5848215 619.0767188 626.3007346 634.1516765 640.9985112 647.5274027 654.8961467 660.6932403 665.6934269 669.6648348 672.9392584 675.5971128 677.6312255 679.5288827 683.1052937 683.6262663 684.0164830 684.2844882 684.4750529 684.6648103 684.8329143 684.9670380 685.0710663 685.8978455 725.6285049 776.6592249 924.1990115 990.0264370 1245.117351 1296.993080 1366.432571 1376.237528 1474.556997 1533.470120 1569.950901 1617.694918 1669.576822 1705.677436 1793.354384 1878.513297 1926.300238 2060.508398 2134.857895 2217.531589 2283.091623 2371.176271 2423.053193 2493.337772 2640.405599 2680.795157 2790.709886 2839.069340 2905.942663 3029.557583 3141.785912 3288.451800 3453.158562 3486.789189 3672.259783 10748.53177 24438.87737 25247.21127 25876.36226 27548.13632 28724.91981 29384.00189 29685.17809 29955.19384 30854.55654 31135.93943 31422.84782 32349.95952 32696.01757 33102.20169 33322.15412 33602.69234 34955.59477 36374.66873 37019.03917 37375.01622 37822.92697 38563.92553 39163.73250 39593.33403 40138.31930 40628.27971 41639.16155 43699.92245 44465.14953 45563.61372 45957.23962 48311.64258 51864.72779 53049.12977 53513.42153 55432.16174 58956.10260 60020.90476 64074.78246 65048.72049 72118.22636 75677.27768 76323.70446 80829.48352 81014.99439 81658.55379 85225.48971 87123.81978 93463.09104 96165.48218 100479.2731 102069.7616 105166.0886 105209.4772 105734.0889 106217.1588 107987.7049 116297.9067 125684.8253 136807.9366 144298.1521 178224.1727
