    unsorted:	 684.4653933 684.6571700 684.8271050 684.9626562 685.0677721 684.2731849 684.0024153 683.6078086 685.8162234 683.0807595 679.4348096 677.5183788 675.4620403 672.7762178 669.4665902 665.4505330 660.3929302 654.5326605 647.0698638 640.4933342 633.6002265 625.7113242 618.3622751 607.6722617 726.9917708 595.9152384 583.9926800 570.8593932 550.2664737 772.9393958 523.9217714 490.1877261 463.7051219 422.2332075 393.4486099 916.8961826 362.9197826 993.7037293 320.1132198 288.5918212 226.8980434 1246.508363 1290.908956 1375.336372 1384.935091 1453.681977 1561.808628 1528.019198 1615.157921 1669.879100 1703.483854 120.5183405 102.6685079 52.19793251 1789.712418 1881.679615 1930.912627 2052.301201 2130.060103 2214.827327 2300.526292 2373.547907 2418.819758 2495.939612 2653.460191 2687.334834 2793.866459 2853.755778 2919.423957 3045.839202 3156.759511 3306.002417 3459.813397 3499.601240 3677.608469 31420.97900 31646.34604 31193.88752 30136.88129 29711.46746 29868.33767 32645.40198 33062.51805 33289.62641 33559.24279 33895.60805 29057.88023 35100.07765 36703.53049 37325.45418 37737.64210 38098.36011 38710.73078 39346.18482 27749.59230 39744.78191 40373.04833 40813.08182 26113.76995 25495.71205 41792.97956 24707.95838 43859.20347 44596.19860 45597.06448 46048.88122 10396.62734 48423.12841 51900.65797 53112.55857 53567.58359 55478.51720 58979.12802 60048.77605 64096.87735 65042.87671 72147.21123 75709.24114 76351.91329 80828.95827 81036.48221 81679.93981 85224.83261 87110.50353 93476.81961 96130.58704 100202.6748 102090.2872 105216.9963 105175.5286 105743.9691 106228.7526 108010.5539 116333.9477 125435.1053 136447.0860 143769.0955 178150.5799 2.479800101e-06 2.479800101e-06
      sorted:	 2.479800101e-06 2.479800101e-06 52.19793251 102.6685079 120.5183405 226.8980434 288.5918212 320.1132198 362.9197826 393.4486099 422.2332075 463.7051219 490.1877261 523.9217714 550.2664737 570.8593932 583.9926800 595.9152384 607.6722617 618.3622751 625.7113242 633.6002265 640.4933342 647.0698638 654.5326605 660.3929302 665.4505330 669.4665902 672.7762178 675.4620403 677.5183788 679.4348096 683.0807595 683.6078086 684.0024153 684.2731849 684.4653933 684.6571700 684.8271050 684.9626562 685.0677721 685.8162234 726.9917708 772.9393958 916.8961826 993.7037293 1246.508363 1290.908956 1375.336372 1384.935091 1453.681977 1528.019198 1561.808628 1615.157921 1669.879100 1703.483854 1789.712418 1881.679615 1930.912627 2052.301201 2130.060103 2214.827327 2300.526292 2373.547907 2418.819758 2495.939612 2653.460191 2687.334834 2793.866459 2853.755778 2919.423957 3045.839202 3156.759511 3306.002417 3459.813397 3499.601240 3677.608469 10396.62734 24707.95838 25495.71205 26113.76995 27749.59230 29057.88023 29711.46746 29868.33767 30136.88129 31193.88752 31420.97900 31646.34604 32645.40198 33062.51805 33289.62641 33559.24279 33895.60805 35100.07765 36703.53049 37325.45418 37737.64210 38098.36011 38710.73078 39346.18482 39744.78191 40373.04833 40813.08182 41792.97956 43859.20347 44596.19860 45597.06448 46048.88122 48423.12841 51900.65797 53112.55857 53567.58359 55478.51720 58979.12802 60048.77605 64096.87735 65042.87671 72147.21123 75709.24114 76351.91329 80828.95827 81036.48221 81679.93981 85224.83261 87110.50353 93476.81961 96130.58704 100202.6748 102090.2872 105175.5286 105216.9963 105743.9691 106228.7526 108010.5539 116333.9477 125435.1053 136447.0860 143769.0955 178150.5799
