    unsorted:	 684.5067682 684.6898997 684.8520187 684.9814643 685.0819199 684.3217702 684.0628574 683.6869499 683.1857296 686.2161741 679.8176762 677.9773281 676.0159914 673.4474590 670.2847616 666.4543761 661.6356559 656.0376793 648.9714910 642.6006332 635.9160914 628.2129124 621.2853352 611.4386429 720.0830688 600.5105128 589.3427159 576.4829032 558.8626019 532.8534120 789.6979492 499.9817939 471.7856044 433.6148656 374.9565844 377.7831034 944.2514638 980.1229837 313.1275310 297.0281943 224.1175933 1237.189513 1310.214828 1330.532720 1369.159364 1528.465312 1553.159415 1590.751260 1633.467319 1674.114619 1712.493778 119.0958768 105.3435429 1801.404112 54.66876016 1874.772211 1924.601247 2084.246837 2130.227067 2228.907887 2237.471324 2342.624854 2445.998508 2492.595385 2569.945260 2675.232909 2780.730286 2796.281362 2871.540079 2984.762286 3089.861271 3226.107293 3442.589317 3454.666076 3654.002605 31594.72368 31488.74730 32488.49562 32674.46948 32809.39288 30768.22501 30330.24388 29879.42769 29485.61144 29267.96737 28378.81786 27759.64960 34559.94592 35397.64184 36105.68612 36339.40378 37027.11593 27016.66526 38163.40448 38622.27981 39161.26761 39570.61549 40153.02900 25244.95752 24548.79916 23663.25893 41216.19214 43222.27499 44108.78687 45386.16288 45869.54240 11739.94124 47971.55514 51775.53975 52819.32072 53377.69016 55314.31759 58906.62202 59937.29048 64026.64530 65033.27210 72054.85710 75577.68311 76245.44768 80830.93062 80959.58592 81608.19117 85227.47217 87191.54847 93437.07529 96277.77508 101277.1059 102022.4013 105185.4926 105135.9164 105703.3337 106182.2851 107919.4565 116194.4666 126406.6899 138013.5160 145955.5795 178476.6854 2.479800101e-06 2.479800101e-06
      sorted:	 2.479800101e-06 2.479800101e-06 54.66876016 105.3435429 119.0958768 224.1175933 297.0281943 313.1275310 374.9565844 377.7831034 433.6148656 471.7856044 499.9817939 532.8534120 558.8626019 576.4829032 589.3427159 600.5105128 611.4386429 621.2853352 628.2129124 635.9160914 642.6006332 648.9714910 656.0376793 661.6356559 666.4543761 670.2847616 673.4474590 676.0159914 677.9773281 679.8176762 683.1857296 683.6869499 684.0628574 684.3217702 684.5067682 684.6898997 684.8520187 684.9814643 685.0819199 686.2161741 720.0830688 789.6979492 944.2514638 980.1229837 1237.189513 1310.214828 1330.532720 1369.159364 1528.465312 1553.159415 1590.751260 1633.467319 1674.114619 1712.493778 1801.404112 1874.772211 1924.601247 2084.246837 2130.227067 2228.907887 2237.471324 2342.624854 2445.998508 2492.595385 2569.945260 2675.232909 2780.730286 2796.281362 2871.540079 2984.762286 3089.861271 3226.107293 3442.589317 3454.666076 3654.002605 11739.94124 23663.25893 24548.79916 25244.95752 27016.66526 27759.64960 28378.81786 29267.96737 29485.61144 29879.42769 30330.24388 30768.22501 31488.74730 31594.72368 32488.49562 32674.46948 32809.39288 34559.94592 35397.64184 36105.68612 36339.40378 37027.11593 38163.40448 38622.27981 39161.26761 39570.61549 40153.02900 41216.19214 43222.27499 44108.78687 45386.16288 45869.54240 47971.55514 51775.53975 52819.32072 53377.69016 55314.31759 58906.62202 59937.29048 64026.64530 65033.27210 72054.85710 75577.68311 76245.44768 80830.93062 80959.58592 81608.19117 85227.47217 87191.54847 93437.07529 96277.77508 101277.1059 102022.4013 105135.9164 105185.4926 105703.3337 106182.2851 107919.4565 116194.4666 126406.6899 138013.5160 145955.5795 178476.6854
