    unsorted:	 684.3912140 684.5986867 684.7832603 684.9298855 685.0432436 684.1903718 685.3922990 683.8986561 683.4674845 682.8881654 678.0854745 675.8882643 673.6320586 670.6551504 666.9487988 662.4207640 656.6930312 650.1062949 641.6189937 634.6058337 709.2295310 627.2231418 618.6357215 609.1826315 596.2838517 582.2929163 746.9261381 567.8595882 760.2435541 550.9821446 522.2809770 495.0876914 466.1271939 462.2259540 426.6491370 385.3359946 377.2873846 323.8164893 270.7636995 1066.668678 1107.307277 236.3575228 1261.585243 1227.169041 1433.585575 1442.442198 1484.338398 1550.418018 1587.789931 130.5910947 1705.399173 1724.812369 80.69712538 33.37221947 1836.094866 1866.652966 1972.297311 2190.180734 2165.861520 2207.844621 2217.693653 2114.710660 2360.976312 2473.781485 2757.254473 2789.485961 3007.544767 3075.713017 3104.600445 3252.424682 3300.094678 3366.185612 3662.046879 3730.629834 3800.765136 4565.716005 38292.77440 38093.11539 38998.27641 38652.35769 37573.83801 37373.01992 37065.75287 36378.95264 36028.25292 35432.24978 39905.52394 41069.46191 42379.09577 42659.44558 43094.00385 43541.88188 43801.21943 34360.97460 33885.62045 44869.07341 45031.16399 45395.45268 46137.91485 32596.06802 31753.88691 31623.15149 46677.39456 47071.58210 29905.64522 48507.19979 50560.54232 51271.10101 53171.23639 54169.96144 56191.63307 57115.32307 60251.15742 61384.49691 65035.19951 65351.56491 72452.80149 76155.78399 76903.35518 80819.25950 81711.94753 82506.53332 85433.66156 87705.86208 93752.02416 94534.24558 97456.21578 105282.1732 105257.5619 105856.0158 102658.4220 106401.5442 108375.1253 117020.9073 121636.5049 132659.2534 138298.8383 177592.4097 2.479800101e-06 2.479800101e-06
      sorted:	 2.479800101e-06 2.479800101e-06 33.37221947 80.69712538 130.5910947 236.3575228 270.7636995 323.8164893 377.2873846 385.3359946 426.6491370 462.2259540 466.1271939 495.0876914 522.2809770 550.9821446 567.8595882 582.2929163 596.2838517 609.1826315 618.6357215 627.2231418 634.6058337 641.6189937 650.1062949 656.6930312 662.4207640 666.9487988 670.6551504 673.6320586 675.8882643 678.0854745 682.8881654 683.4674845 683.8986561 684.1903718 684.3912140 684.5986867 684.7832603 684.9298855 685.0432436 685.3922990 709.2295310 746.9261381 760.2435541 1066.668678 1107.307277 1227.169041 1261.585243 1433.585575 1442.442198 1484.338398 1550.418018 1587.789931 1705.399173 1724.812369 1836.094866 1866.652966 1972.297311 2114.710660 2165.861520 2190.180734 2207.844621 2217.693653 2360.976312 2473.781485 2757.254473 2789.485961 3007.544767 3075.713017 3104.600445 3252.424682 3300.094678 3366.185612 3662.046879 3730.629834 3800.765136 4565.716005 29905.64522 31623.15149 31753.88691 32596.06802 33885.62045 34360.97460 35432.24978 36028.25292 36378.95264 37065.75287 37373.01992 37573.83801 38093.11539 38292.77440 38652.35769 38998.27641 39905.52394 41069.46191 42379.09577 42659.44558 43094.00385 43541.88188 43801.21943 44869.07341 45031.16399 45395.45268 46137.91485 46677.39456 47071.58210 48507.19979 50560.54232 51271.10101 53171.23639 54169.96144 56191.63307 57115.32307 60251.15742 61384.49691 65035.19951 65351.56491 72452.80149 76155.78399 76903.35518 80819.25950 81711.94753 82506.53332 85433.66156 87705.86208 93752.02416 94534.24558 97456.21578 102658.4220 105257.5619 105282.1732 105856.0158 106401.5442 108375.1253 117020.9073 121636.5049 132659.2534 138298.8383 177592.4097
