    unsorted:	 684.4004402 684.6058748 684.7883649 684.9335638 685.0459493 684.1988176 683.9095513 685.4310257 683.4841937 682.9138869 678.5643235 676.4690201 674.2519495 671.3442227 667.7456027 663.3594623 657.8223536 651.4361725 643.2229935 636.3094486 629.1228234 620.8960977 612.0575521 725.1190903 599.8181491 586.4740986 572.8796422 752.3875245 557.6521078 531.0881509 504.3245096 826.4599316 473.2612487 440.0257342 432.6273832 393.4588483 357.4348190 335.3858341 1047.919384 272.7338663 232.4614379 1186.539422 1242.550009 1268.973994 126.0794748 1473.349867 1478.049911 1453.779258 1507.720906 90.89590503 1621.085094 1705.637715 1726.278886 1760.899114 43.66594930 1913.405889 1958.390215 2045.704250 2125.610197 2215.141496 2265.586939 2337.240031 2398.400359 2516.292687 2636.195679 2787.820608 2936.020969 3004.220003 3089.787241 3166.838596 3262.396765 3370.161329 3598.550983 3702.843227 3719.375100 6518.650982 34820.93681 35077.69357 35416.04806 35870.24173 36039.69379 34160.88072 36760.31487 36988.02708 37385.54621 33711.55240 32778.88140 32347.27078 32033.33306 40285.22381 39728.74682 40715.64392 41173.62443 41517.99714 41819.63953 42066.37597 43207.04319 43554.43992 43784.17998 30469.45106 29203.55791 28795.05881 27689.20673 45484.70587 45934.24020 46775.58410 48241.36735 49717.38682 52489.96110 53408.25863 54888.10883 56250.08329 59524.05754 60597.95424 64537.75957 64964.05567 72468.02755 76014.95728 76598.63457 80823.02079 81355.71379 82060.30480 85251.99407 87284.72265 93762.74644 95429.93143 97774.76297 105273.4253 105246.1001 105827.3869 102386.5617 106341.1937 108239.7450 116740.1653 122944.1598 133731.2211 139561.7726 177672.2250 2.479800101e-06 2.479800101e-06
      sorted:	 2.479800101e-06 2.479800101e-06 43.66594930 90.89590503 126.0794748 232.4614379 272.7338663 335.3858341 357.4348190 393.4588483 432.6273832 440.0257342 473.2612487 504.3245096 531.0881509 557.6521078 572.8796422 586.4740986 599.8181491 612.0575521 620.8960977 629.1228234 636.3094486 643.2229935 651.4361725 657.8223536 663.3594623 667.7456027 671.3442227 674.2519495 676.4690201 678.5643235 682.9138869 683.4841937 683.9095513 684.1988176 684.4004402 684.6058748 684.7883649 684.9335638 685.0459493 685.4310257 725.1190903 752.3875245 826.4599316 1047.919384 1186.539422 1242.550009 1268.973994 1453.779258 1473.349867 1478.049911 1507.720906 1621.085094 1705.637715 1726.278886 1760.899114 1913.405889 1958.390215 2045.704250 2125.610197 2215.141496 2265.586939 2337.240031 2398.400359 2516.292687 2636.195679 2787.820608 2936.020969 3004.220003 3089.787241 3166.838596 3262.396765 3370.161329 3598.550983 3702.843227 3719.375100 6518.650982 27689.20673 28795.05881 29203.55791 30469.45106 32033.33306 32347.27078 32778.88140 33711.55240 34160.88072 34820.93681 35077.69357 35416.04806 35870.24173 36039.69379 36760.31487 36988.02708 37385.54621 39728.74682 40285.22381 40715.64392 41173.62443 41517.99714 41819.63953 42066.37597 43207.04319 43554.43992 43784.17998 45484.70587 45934.24020 46775.58410 48241.36735 49717.38682 52489.96110 53408.25863 54888.10883 56250.08329 59524.05754 60597.95424 64537.75957 64964.05567 72468.02755 76014.95728 76598.63457 80823.02079 81355.71379 82060.30480 85251.99407 87284.72265 93762.74644 95429.93143 97774.76297 102386.5617 105246.1001 105273.4253 105827.3869 106341.1937 108239.7450 116740.1653 122944.1598 133731.2211 139561.7726 177672.2250
