    unsorted:	 684.3926237 684.5997406 684.7838606 684.9302424 685.0434790 684.1907251 683.8993205 685.4034104 683.4697040 682.8930784 678.3222879 676.1756553 673.9337285 670.9840984 667.3244291 662.8585112 657.2154377 650.7160115 642.3474189 635.3774258 628.1150381 619.7381377 718.6126589 610.5325717 597.9451505 584.2482657 570.2034749 750.5891333 554.1423661 526.3643497 793.0014952 499.4118091 469.5172234 446.1715191 432.9785220 385.3769517 371.0486699 329.3989295 271.0794220 1070.206985 1129.630827 234.2174328 1264.298981 1231.596957 128.2432666 1452.507098 1459.389431 1476.923505 1530.704644 1606.788822 86.04188683 1722.176764 1718.965732 39.59505642 1810.935032 1894.098146 1940.584907 2084.705288 2170.197869 2214.940010 2229.737568 2309.066412 2367.519853 2464.868372 2698.213899 2789.658046 2987.978495 3043.088907 3102.099339 3203.234491 3309.705268 3358.366471 3631.094459 3724.955946 3781.321517 5392.913615 36041.86070 36177.83242 36427.06593 36845.62164 37087.43480 37860.18576 37754.94847 35169.25110 34885.78149 34058.40674 38599.87308 33242.40304 32947.75212 40352.45044 41630.62048 41404.40276 42013.83243 42554.58316 42701.64715 43484.97082 44017.77656 44527.51994 44803.49553 31484.92285 30386.05283 30142.97687 46042.05075 46422.45600 28740.23261 47559.29849 49386.13380 50330.52260 52780.70678 53677.41514 55498.85809 56633.79953 59841.82442 60937.68098 64758.93873 65088.95865 72489.66318 76091.68947 76713.52907 80821.13757 81510.23112 82256.37766 85315.80522 87463.08506 93864.54940 94907.85184 97502.53289 105281.0393 105255.7250 105844.5243 102511.9808 106372.4715 108307.9445 116878.2454 122268.6827 133156.1281 138804.0804 177612.8995 2.479800101e-06 2.479800101e-06
      sorted:	 2.479800101e-06 2.479800101e-06 39.59505642 86.04188683 128.2432666 234.2174328 271.0794220 329.3989295 371.0486699 385.3769517 432.9785220 446.1715191 469.5172234 499.4118091 526.3643497 554.1423661 570.2034749 584.2482657 597.9451505 610.5325717 619.7381377 628.1150381 635.3774258 642.3474189 650.7160115 657.2154377 662.8585112 667.3244291 670.9840984 673.9337285 676.1756553 678.3222879 682.8930784 683.4697040 683.8993205 684.1907251 684.3926237 684.5997406 684.7838606 684.9302424 685.0434790 685.4034104 718.6126589 750.5891333 793.0014952 1070.206985 1129.630827 1231.596957 1264.298981 1452.507098 1459.389431 1476.923505 1530.704644 1606.788822 1718.965732 1722.176764 1810.935032 1894.098146 1940.584907 2084.705288 2170.197869 2214.940010 2229.737568 2309.066412 2367.519853 2464.868372 2698.213899 2789.658046 2987.978495 3043.088907 3102.099339 3203.234491 3309.705268 3358.366471 3631.094459 3724.955946 3781.321517 5392.913615 28740.23261 30142.97687 30386.05283 31484.92285 32947.75212 33242.40304 34058.40674 34885.78149 35169.25110 36041.86070 36177.83242 36427.06593 36845.62164 37087.43480 37754.94847 37860.18576 38599.87308 40352.45044 41404.40276 41630.62048 42013.83243 42554.58316 42701.64715 43484.97082 44017.77656 44527.51994 44803.49553 46042.05075 46422.45600 47559.29849 49386.13380 50330.52260 52780.70678 53677.41514 55498.85809 56633.79953 59841.82442 60937.68098 64758.93873 65088.95865 72489.66318 76091.68947 76713.52907 80821.13757 81510.23112 82256.37766 85315.80522 87463.08506 93864.54940 94907.85184 97502.53289 102511.9808 105255.7250 105281.0393 105844.5243 106372.4715 108307.9445 116878.2454 122268.6827 133156.1281 138804.0804 177612.8995
