    unsorted:	 685.0985838 685.0035986 684.8812931 684.7282731 684.5552699 684.3791669 684.1342096 683.7799672 683.3085387 686.8534504 680.2177391 678.4558486 676.6056461 674.1682351 671.1679564 667.5410860 662.9849273 657.6722430 651.0562641 644.9306127 638.5129748 631.1260739 709.6307190 624.3749831 615.4770868 605.4928624 595.1375453 582.2866556 567.5580171 542.2683699 511.2713841 810.8959278 479.2887335 444.4233642 387.8883947 966.2845287 967.9042228 361.6195308 315.4612166 299.5385948 221.0777159 1217.794621 1258.593673 1352.025134 1377.371659 1583.568708 1563.883724 1613.802595 1669.049776 1696.448801 1725.911490 118.0281930 107.0871292 1805.596028 57.08595143 1888.156051 1942.916118 2068.313808 2112.107133 2183.997473 2252.379964 2316.177045 2448.554997 2480.066784 2520.917385 2634.225419 2740.049866 2761.545197 2831.707122 2937.790498 3015.653404 3137.242995 3383.816093 3473.874807 3623.572052 29336.69651 29181.71042 28715.62112 28617.26981 29901.35100 30240.89193 30435.08337 31477.09754 31738.62539 32180.29912 27302.37112 26542.68691 26337.15311 34043.84589 34150.75741 34927.81034 35146.65122 36070.24531 24557.75482 23689.53396 37613.19238 37974.54001 38600.05510 39135.86980 39692.45383 22703.43850 40728.94454 42592.78617 43705.85371 12889.03317 45088.87003 45982.44232 47507.14440 51691.19913 53127.66823 52515.73866 55193.77523 58869.62331 59788.32359 63996.29151 64942.07059 72029.54669 80832.50685 80907.71385 75457.79767 76181.28483 81570.12615 85235.60136 87344.04357 93434.58037 96466.11906 101895.5057 102345.4640 105150.9067 105092.2723 105660.3817 106135.9471 107829.5453 116067.5754 127285.4921 139923.1980 148279.0891 178894.0283 2.479800101e-06 2.479800101e-06
      sorted:	 2.479800101e-06 2.479800101e-06 57.08595143 107.0871292 118.0281930 221.0777159 299.5385948 315.4612166 361.6195308 387.8883947 444.4233642 479.2887335 511.2713841 542.2683699 567.5580171 582.2866556 595.1375453 605.4928624 615.4770868 624.3749831 631.1260739 638.5129748 644.9306127 651.0562641 657.6722430 662.9849273 667.5410860 671.1679564 674.1682351 676.6056461 678.4558486 680.2177391 683.3085387 683.7799672 684.1342096 684.3791669 684.5552699 684.7282731 684.8812931 685.0035986 685.0985838 686.8534504 709.6307190 810.8959278 966.2845287 967.9042228 1217.794621 1258.593673 1352.025134 1377.371659 1563.883724 1583.568708 1613.802595 1669.049776 1696.448801 1725.911490 1805.596028 1888.156051 1942.916118 2068.313808 2112.107133 2183.997473 2252.379964 2316.177045 2448.554997 2480.066784 2520.917385 2634.225419 2740.049866 2761.545197 2831.707122 2937.790498 3015.653404 3137.242995 3383.816093 3473.874807 3623.572052 12889.03317 22703.43850 23689.53396 24557.75482 26337.15311 26542.68691 27302.37112 28617.26981 28715.62112 29181.71042 29336.69651 29901.35100 30240.89193 30435.08337 31477.09754 31738.62539 32180.29912 34043.84589 34150.75741 34927.81034 35146.65122 36070.24531 37613.19238 37974.54001 38600.05510 39135.86980 39692.45383 40728.94454 42592.78617 43705.85371 45088.87003 45982.44232 47507.14440 51691.19913 52515.73866 53127.66823 55193.77523 58869.62331 59788.32359 63996.29151 64942.07059 72029.54669 75457.79767 76181.28483 80832.50685 80907.71385 81570.12615 85235.60136 87344.04357 93434.58037 96466.11906 101895.5057 102345.4640 105092.2723 105150.9067 105660.3817 106135.9471 107829.5453 116067.5754 127285.4921 139923.1980 148279.0891 178894.0283
