    unsorted:	 684.4073191 684.6112925 684.7924073 684.9365754 685.0481996 684.2063841 683.9190548 685.4581826 683.4971738 682.9318817 678.7045502 676.6387178 674.4406550 671.5623073 668.0039894 663.6700919 658.2015180 651.8896051 643.7792341 636.9057252 629.7561360 621.5981832 613.0027123 600.9797804 727.5568863 587.8600017 574.5344440 559.7617573 754.0287396 534.0118532 507.3321176 475.5696316 444.1381055 844.1565142 425.6568733 398.2436571 350.7572117 338.4192793 1036.198972 274.3270186 231.5724903 1213.862295 1256.296047 1274.239730 1487.404818 1483.446841 1495.520646 1439.006333 124.9412001 1624.678770 1699.085638 1709.721165 1757.709865 93.40495441 45.50848246 1916.611300 1974.922051 2022.957741 2104.631628 2213.633808 2286.791336 2355.348511 2406.732804 2543.386470 2605.334724 2785.576633 2900.976710 2980.237130 3063.517751 3156.608190 3241.175364 3368.053595 3579.780853 3656.898000 3711.828329 7195.487455 35297.54332 34994.31232 35545.56484 34169.63723 34361.82271 33665.80701 36176.04521 36550.82118 36760.45023 33027.07289 32093.38682 31908.07635 31550.79406 39683.84368 39369.34092 40197.44506 40739.41961 40988.70927 41210.49947 41466.24208 42754.52764 42926.58295 43377.24213 29930.43053 28588.84184 28108.13425 27135.41878 45195.08913 45705.86679 46404.47130 47693.25220 49441.89104 52354.62666 53326.66885 54580.79168 56069.23941 59380.27076 60449.22305 64431.35111 64943.80887 72431.13945 75964.86933 76554.15404 80824.08051 81283.91461 81969.34594 85234.08941 87211.10084 93697.15865 95654.88146 98057.20830 105266.8099 105237.8317 105815.7003 102323.7962 106322.7842 108200.8646 116665.0119 123346.5499 134098.7571 140104.0760 177722.6095 2.479800101e-06 2.479800101e-06
      sorted:	 2.479800101e-06 2.479800101e-06 45.50848246 93.40495441 124.9412001 231.5724903 274.3270186 338.4192793 350.7572117 398.2436571 425.6568733 444.1381055 475.5696316 507.3321176 534.0118532 559.7617573 574.5344440 587.8600017 600.9797804 613.0027123 621.5981832 629.7561360 636.9057252 643.7792341 651.8896051 658.2015180 663.6700919 668.0039894 671.5623073 674.4406550 676.6387178 678.7045502 682.9318817 683.4971738 683.9190548 684.2063841 684.4073191 684.6112925 684.7924073 684.9365754 685.0481996 685.4581826 727.5568863 754.0287396 844.1565142 1036.198972 1213.862295 1256.296047 1274.239730 1439.006333 1483.446841 1487.404818 1495.520646 1624.678770 1699.085638 1709.721165 1757.709865 1916.611300 1974.922051 2022.957741 2104.631628 2213.633808 2286.791336 2355.348511 2406.732804 2543.386470 2605.334724 2785.576633 2900.976710 2980.237130 3063.517751 3156.608190 3241.175364 3368.053595 3579.780853 3656.898000 3711.828329 7195.487455 27135.41878 28108.13425 28588.84184 29930.43053 31550.79406 31908.07635 32093.38682 33027.07289 33665.80701 34169.63723 34361.82271 34994.31232 35297.54332 35545.56484 36176.04521 36550.82118 36760.45023 39369.34092 39683.84368 40197.44506 40739.41961 40988.70927 41210.49947 41466.24208 42754.52764 42926.58295 43377.24213 45195.08913 45705.86679 46404.47130 47693.25220 49441.89104 52354.62666 53326.66885 54580.79168 56069.23941 59380.27076 60449.22305 64431.35111 64943.80887 72431.13945 75964.86933 76554.15404 80824.08051 81283.91461 81969.34594 85234.08941 87211.10084 93697.15865 95654.88146 98057.20830 102323.7962 105237.8317 105266.8099 105815.7003 106322.7842 108200.8646 116665.0119 123346.5499 134098.7571 140104.0760 177722.6095
