    unsorted:	 684.4258447 684.6259128 684.8034142 684.9448241 685.0543808 684.2273593 683.9452735 685.5462165 683.5323015 682.9796262 678.9854686 676.9778036 674.8266777 672.0156938 668.5463810 664.3269274 659.0071153 652.8580814 644.9765611 638.2001967 631.1301635 623.0838958 614.9963839 603.4425656 729.7547040 590.8094942 578.0228897 564.0461500 759.1327950 540.1259341 513.5755047 480.5883836 452.2058650 407.7227827 412.7315810 875.7311597 349.8474045 334.4075625 278.8198462 1016.440120 229.8616110 1238.198065 1272.456555 1328.958507 1409.865618 1456.429111 1502.302249 1518.145617 1620.070938 122.9427676 97.70385165 1682.823623 1694.644924 48.52900880 1769.435583 1906.086693 2009.253313 1977.626471 2098.414811 2210.797566 2325.934038 2371.882168 2409.678684 2536.787827 2610.153009 2771.534555 2834.546681 2929.493004 3002.536344 3124.125180 3211.009892 3355.691911 3537.131297 3572.502524 3699.940071 32995.34774 33042.71114 32790.39063 34194.75024 34261.45871 34653.67235 35048.56729 35476.17616 31147.67447 31702.34686 30828.67092 30728.02760 35948.88221 38780.54864 39275.50581 39744.82341 39847.87756 38382.33264 40251.21406 40679.31337 41787.10648 41923.48902 28963.86932 42675.36272 27500.32265 26930.49445 26125.43486 44657.59067 45290.87189 45880.06556 46853.53172 8511.028695 48995.80033 52137.12482 53254.21274 54069.43512 55782.71702 59167.28842 60237.17227 64263.00094 64968.95510 72324.73029 75863.37157 76480.47985 80826.09945 81168.45230 81827.12795 85222.33054 87122.22034 93586.71152 95923.38356 98822.65254 105250.0890 105216.9581 105789.7357 102217.2593 106286.0450 108125.1815 116526.3142 124162.9388 134910.7873 141377.5303 177855.5291 2.479800101e-06 2.479800101e-06
      sorted:	 2.479800101e-06 2.479800101e-06 48.52900880 97.70385165 122.9427676 229.8616110 278.8198462 334.4075625 349.8474045 407.7227827 412.7315810 452.2058650 480.5883836 513.5755047 540.1259341 564.0461500 578.0228897 590.8094942 603.4425656 614.9963839 623.0838958 631.1301635 638.2001967 644.9765611 652.8580814 659.0071153 664.3269274 668.5463810 672.0156938 674.8266777 676.9778036 678.9854686 682.9796262 683.5323015 683.9452735 684.2273593 684.4258447 684.6259128 684.8034142 684.9448241 685.0543808 685.5462165 729.7547040 759.1327950 875.7311597 1016.440120 1238.198065 1272.456555 1328.958507 1409.865618 1456.429111 1502.302249 1518.145617 1620.070938 1682.823623 1694.644924 1769.435583 1906.086693 1977.626471 2009.253313 2098.414811 2210.797566 2325.934038 2371.882168 2409.678684 2536.787827 2610.153009 2771.534555 2834.546681 2929.493004 3002.536344 3124.125180 3211.009892 3355.691911 3537.131297 3572.502524 3699.940071 8511.028695 26125.43486 26930.49445 27500.32265 28963.86932 30728.02760 30828.67092 31147.67447 31702.34686 32790.39063 32995.34774 33042.71114 34194.75024 34261.45871 34653.67235 35048.56729 35476.17616 35948.88221 38382.33264 38780.54864 39275.50581 39744.82341 39847.87756 40251.21406 40679.31337 41787.10648 41923.48902 42675.36272 44657.59067 45290.87189 45880.06556 46853.53172 48995.80033 52137.12482 53254.21274 54069.43512 55782.71702 59167.28842 60237.17227 64263.00094 64968.95510 72324.73029 75863.37157 76480.47985 80826.09945 81168.45230 81827.12795 85222.33054 87122.22034 93586.71152 95923.38356 98822.65254 102217.2593 105216.9581 105250.0890 105789.7357 106286.0450 108125.1815 116526.3142 124162.9388 134910.7873 141377.5303 177855.5291
