    unsorted:	 684.5423781 684.7180696 684.8735020 684.9977052 685.0941458 684.3638776 684.1152186 683.7552638 683.2759995 686.6680423 680.1160301 678.3343446 676.4550165 673.9836042 670.9413694 667.2620677 662.6381472 657.2522309 650.5188047 644.3282191 637.8390528 630.3578541 623.5862365 712.5451468 614.4459338 604.2152098 593.6531397 580.8103511 565.3953017 539.8744519 508.3493901 805.2608589 477.4200954 441.7978002 384.6388154 365.6486827 961.4300922 970.8853346 313.7628829 299.7849769 221.8559672 1224.530675 1271.509090 1345.223483 1373.801839 1578.543240 1557.133351 1607.423142 1659.431072 1689.169817 1721.735814 118.2692288 106.7220859 1804.663477 56.46431303 1883.092045 1937.031638 2087.494414 2105.956083 2246.305364 2198.983784 2318.259506 2479.932260 2463.248168 2520.949917 2647.989323 2753.182838 2768.314002 2841.720413 2948.644957 3033.464396 3159.352931 3399.440239 3467.257589 3631.889549 28971.36325 30546.38702 30693.53899 30120.22090 29581.02716 29228.39836 28811.15066 31748.00735 31959.64116 32316.72788 27528.89326 26840.02762 26522.42996 34436.21122 34196.91503 35216.36002 35418.09945 36296.45647 24717.54931 23898.37214 37757.76976 38124.76674 38730.87576 39219.99956 39790.44439 22935.74485 40843.52319 42748.39529 43801.04099 12621.80547 45160.29673 45944.74461 47623.13663 51709.29059 53202.45395 52587.61444 55220.84463 58876.86913 59832.16855 64000.89167 64970.33993 72029.69081 75483.26885 76191.74605 80832.15314 80918.20791 81576.74183 85232.47989 87299.23025 93432.00297 96413.62145 101866.9500 102145.2857 105159.7757 105103.4763 105671.2778 106147.4839 107851.8730 116098.0877 127075.4170 139413.1017 147689.1871 178780.4499 2.479800101e-06 2.479800101e-06
      sorted:	 2.479800101e-06 2.479800101e-06 56.46431303 106.7220859 118.2692288 221.8559672 299.7849769 313.7628829 365.6486827 384.6388154 441.7978002 477.4200954 508.3493901 539.8744519 565.3953017 580.8103511 593.6531397 604.2152098 614.4459338 623.5862365 630.3578541 637.8390528 644.3282191 650.5188047 657.2522309 662.6381472 667.2620677 670.9413694 673.9836042 676.4550165 678.3343446 680.1160301 683.2759995 683.7552638 684.1152186 684.3638776 684.5423781 684.7180696 684.8735020 684.9977052 685.0941458 686.6680423 712.5451468 805.2608589 961.4300922 970.8853346 1224.530675 1271.509090 1345.223483 1373.801839 1557.133351 1578.543240 1607.423142 1659.431072 1689.169817 1721.735814 1804.663477 1883.092045 1937.031638 2087.494414 2105.956083 2198.983784 2246.305364 2318.259506 2463.248168 2479.932260 2520.949917 2647.989323 2753.182838 2768.314002 2841.720413 2948.644957 3033.464396 3159.352931 3399.440239 3467.257589 3631.889549 12621.80547 22935.74485 23898.37214 24717.54931 26522.42996 26840.02762 27528.89326 28811.15066 28971.36325 29228.39836 29581.02716 30120.22090 30546.38702 30693.53899 31748.00735 31959.64116 32316.72788 34196.91503 34436.21122 35216.36002 35418.09945 36296.45647 37757.76976 38124.76674 38730.87576 39219.99956 39790.44439 40843.52319 42748.39529 43801.04099 45160.29673 45944.74461 47623.13663 51709.29059 52587.61444 53202.45395 55220.84463 58876.86913 59832.16855 64000.89167 64970.33993 72029.69081 75483.26885 76191.74605 80832.15314 80918.20791 81576.74183 85232.47989 87299.23025 93432.00297 96413.62145 101866.9500 102145.2857 105103.4763 105159.7757 105671.2778 106147.4839 107851.8730 116098.0877 127075.4170 139413.1017 147689.1871 178780.4499
