    unsorted:	 684.4138171 684.6164172 684.7962551 684.9394540 685.0503548 684.2136724 683.9281766 683.5094688 685.4865219 682.9486977 678.8137226 676.7706258 674.5894909 671.7361281 668.2112364 663.9204272 658.5080343 652.2574575 644.2327118 637.3943146 630.2739636 622.1628065 613.7638738 601.9174766 728.8195009 588.9811587 575.8654819 561.4230011 755.7065637 536.3554974 509.7306833 477.4504460 447.3233760 857.0286413 420.4980056 401.9566901 347.8018264 339.0694233 1027.935851 275.8787276 230.9071969 1226.873489 1266.595586 1287.917370 1427.303414 1491.955530 1501.571227 1477.596849 124.1188098 1624.426045 1696.955345 1695.379860 1761.594132 95.19204358 46.77237554 1914.653937 1986.870934 2006.529675 2097.004013 2212.323420 2302.810277 2366.719513 2408.482468 2554.122600 2592.854192 2782.417878 2873.517278 2960.669149 3039.857838 3146.702629 3228.047238 3364.294624 3564.651657 3621.084188 3707.270943 34860.31530 34691.47119 35190.56240 33692.68927 33829.00076 33310.82316 35731.95725 36157.81223 36381.98410 32502.88902 31617.27121 31562.81957 31209.02766 39031.14215 39290.86537 39814.39289 40373.39630 40679.05782 40634.77210 41135.83564 42404.13504 42477.86900 43088.21424 29536.33482 28143.77592 27620.01414 26728.57412 44980.96333 45543.87412 46162.51294 47328.66811 7716.342665 49254.79148 52262.35630 53288.54874 54365.47801 55946.81194 59286.48816 60354.58612 64359.05324 64946.05948 72393.45979 75925.07609 76524.61917 80824.88344 81235.08124 81908.30033 85226.69210 87167.76470 93650.35824 95783.38629 98330.81265 105260.7909 105230.3190 105805.9495 102279.5136 106308.4497 108171.0706 116609.2264 123663.2464 134402.2499 140572.2208 177769.3715 2.479800101e-06 2.479800101e-06
      sorted:	 2.479800101e-06 2.479800101e-06 46.77237554 95.19204358 124.1188098 230.9071969 275.8787276 339.0694233 347.8018264 401.9566901 420.4980056 447.3233760 477.4504460 509.7306833 536.3554974 561.4230011 575.8654819 588.9811587 601.9174766 613.7638738 622.1628065 630.2739636 637.3943146 644.2327118 652.2574575 658.5080343 663.9204272 668.2112364 671.7361281 674.5894909 676.7706258 678.8137226 682.9486977 683.5094688 683.9281766 684.2136724 684.4138171 684.6164172 684.7962551 684.9394540 685.0503548 685.4865219 728.8195009 755.7065637 857.0286413 1027.935851 1226.873489 1266.595586 1287.917370 1427.303414 1477.596849 1491.955530 1501.571227 1624.426045 1695.379860 1696.955345 1761.594132 1914.653937 1986.870934 2006.529675 2097.004013 2212.323420 2302.810277 2366.719513 2408.482468 2554.122600 2592.854192 2782.417878 2873.517278 2960.669149 3039.857838 3146.702629 3228.047238 3364.294624 3564.651657 3621.084188 3707.270943 7716.342665 26728.57412 27620.01414 28143.77592 29536.33482 31209.02766 31562.81957 31617.27121 32502.88902 33310.82316 33692.68927 33829.00076 34691.47119 34860.31530 35190.56240 35731.95725 36157.81223 36381.98410 39031.14215 39290.86537 39814.39289 40373.39630 40634.77210 40679.05782 41135.83564 42404.13504 42477.86900 43088.21424 44980.96333 45543.87412 46162.51294 47328.66811 49254.79148 52262.35630 53288.54874 54365.47801 55946.81194 59286.48816 60354.58612 64359.05324 64946.05948 72393.45979 75925.07609 76524.61917 80824.88344 81235.08124 81908.30033 85226.69210 87167.76470 93650.35824 95783.38629 98330.81265 102279.5136 105230.3190 105260.7909 105805.9495 106308.4497 108171.0706 116609.2264 123663.2464 134402.2499 140572.2208 177769.3715
