    unsorted:	 1.584679112e-06 21.99825310 25.15595248 10.81333609 7.301844009 1.844844998 37.80755672 32.50213471 52.82740216 61.33270511 66.98072879 83.36007670 95.39171228 93.13443886 144.3198791 162.7272282 181.7030458 193.2594642 247.5661133 288.5545053 308.5662742 331.6136586 379.1314748 386.6415651 399.9992980 407.7889578 454.1412165 468.5168482 477.7768237 503.7843786 533.7426106 532.2882988 551.5071319 573.9811027 591.6175253 601.1244371 617.6844035 753.8470105 1094.603337 1303.382883 1405.708137 1505.581516 1613.789630 1683.002182 1807.863761 1884.186977 2110.242304 2350.362705 2723.105411 3029.494457 3177.895666 3320.514918 3606.379211 4702.952094 4911.730609 5120.458252 6277.261357 6416.140071 6496.630140 6577.076947 6887.638050 8092.939501 9186.839838 10330.64724 11390.03594 13864.88762 14195.37590 14921.84033 15437.46711 19248.46376 20110.60097 20698.93949 21479.34798 21789.57746 23637.08315 23991.85347 24646.77198 24851.10327 26068.13212 27394.71699 27902.29756 29768.59706 29514.54205 30070.04626 30902.22733 32366.40804 33823.03056 34069.84986 35649.17311 36133.31716 36585.84070 36894.34558 38566.27942 39217.28878 39539.45963 40123.74346 40408.03105 40704.69076 40995.54691 42761.25267 43789.00103 44778.93157 46091.83723 46834.84947 46907.74869 49081.84650 49852.61350 50605.39891 52213.23412 52746.55891 55291.06934 57690.42613 60501.87157 66424.67346 68476.61095 70755.32582 76943.68469 78489.97626 84892.85405 95528.41597 107644.6819 109623.6923 122240.8981 134915.4321 316202.8791
      sorted:	 1.584679112e-06 1.844844998 7.301844009 10.81333609 21.99825310 25.15595248 32.50213471 37.80755672 52.82740216 61.33270511 66.98072879 83.36007670 93.13443886 95.39171228 144.3198791 162.7272282 181.7030458 193.2594642 247.5661133 288.5545053 308.5662742 331.6136586 379.1314748 386.6415651 399.9992980 407.7889578 454.1412165 468.5168482 477.7768237 503.7843786 532.2882988 533.7426106 551.5071319 573.9811027 591.6175253 601.1244371 617.6844035 753.8470105 1094.603337 1303.382883 1405.708137 1505.581516 1613.789630 1683.002182 1807.863761 1884.186977 2110.242304 2350.362705 2723.105411 3029.494457 3177.895666 3320.514918 3606.379211 4702.952094 4911.730609 5120.458252 6277.261357 6416.140071 6496.630140 6577.076947 6887.638050 8092.939501 9186.839838 10330.64724 11390.03594 13864.88762 14195.37590 14921.84033 15437.46711 19248.46376 20110.60097 20698.93949 21479.34798 21789.57746 23637.08315 23991.85347 24646.77198 24851.10327 26068.13212 27394.71699 27902.29756 29514.54205 29768.59706 30070.04626 30902.22733 32366.40804 33823.03056 34069.84986 35649.17311 36133.31716 36585.84070 36894.34558 38566.27942 39217.28878 39539.45963 40123.74346 40408.03105 40704.69076 40995.54691 42761.25267 43789.00103 44778.93157 46091.83723 46834.84947 46907.74869 49081.84650 49852.61350 50605.39891 52213.23412 52746.55891 55291.06934 57690.42613 60501.87157 66424.67346 68476.61095 70755.32582 76943.68469 78489.97626 84892.85405 95528.41597 107644.6819 109623.6923 122240.8981 134915.4321 316202.8791
