    unsorted:	 8.353646368e-05 21.85478326 1.860093830 10.89038295 7.403856016 25.40826044 28.54063757 38.00822960 49.85466389 61.53001060 62.51546308 84.38615401 90.34912793 96.08138023 145.8994512 149.7755533 183.2100911 193.9570455 249.6003031 289.4184522 310.2790163 333.2675734 380.1938221 388.0123721 401.3657834 409.2353103 455.2903701 469.5010315 478.8364347 534.7861173 504.8547233 533.2207707 552.2929137 574.6250085 592.1787781 601.7903201 618.1664318 797.3119755 1139.428305 1306.610650 1354.636552 1487.145615 1614.631843 1672.383453 1764.203979 1893.304685 2110.891577 2258.672608 2508.697558 3163.683209 3082.954818 3287.010893 3678.339609 4919.729704 5111.801188 5562.697870 6272.013118 6427.127748 6439.463855 7015.837153 7829.753723 9136.609166 10396.62935 11360.45515 13911.15974 14217.57926 15051.72663 15539.53796 19201.99724 20247.75416 20891.22436 21651.88747 22567.30113 23905.29873 24349.98413 24737.49735 25386.32965 26160.15664 27758.48549 29835.01869 29506.06693 30758.52560 31617.93244 32424.66072 33873.75524 34122.11455 35703.56933 35984.29423 36589.60330 36945.24224 38546.46396 39333.84958 39829.79882 39694.97467 40102.55972 40564.80601 41065.25988 42785.01317 43017.89129 44027.78540 46055.06254 46847.21565 46944.67510 48526.54709 49556.04038 50308.26438 52010.10109 52688.11712 55088.27620 57571.36447 60268.25690 66502.68850 68736.35293 70650.68875 76783.72172 78452.28930 86385.95520 95433.26760 105993.2370 109348.0482 120143.5600 134421.5764 321347.0461
      sorted:	 8.353646368e-05 1.860093830 7.403856016 10.89038295 21.85478326 25.40826044 28.54063757 38.00822960 49.85466389 61.53001060 62.51546308 84.38615401 90.34912793 96.08138023 145.8994512 149.7755533 183.2100911 193.9570455 249.6003031 289.4184522 310.2790163 333.2675734 380.1938221 388.0123721 401.3657834 409.2353103 455.2903701 469.5010315 478.8364347 504.8547233 533.2207707 534.7861173 552.2929137 574.6250085 592.1787781 601.7903201 618.1664318 797.3119755 1139.428305 1306.610650 1354.636552 1487.145615 1614.631843 1672.383453 1764.203979 1893.304685 2110.891577 2258.672608 2508.697558 3082.954818 3163.683209 3287.010893 3678.339609 4919.729704 5111.801188 5562.697870 6272.013118 6427.127748 6439.463855 7015.837153 7829.753723 9136.609166 10396.62935 11360.45515 13911.15974 14217.57926 15051.72663 15539.53796 19201.99724 20247.75416 20891.22436 21651.88747 22567.30113 23905.29873 24349.98413 24737.49735 25386.32965 26160.15664 27758.48549 29506.06693 29835.01869 30758.52560 31617.93244 32424.66072 33873.75524 34122.11455 35703.56933 35984.29423 36589.60330 36945.24224 38546.46396 39333.84958 39694.97467 39829.79882 40102.55972 40564.80601 41065.25988 42785.01317 43017.89129 44027.78540 46055.06254 46847.21565 46944.67510 48526.54709 49556.04038 50308.26438 52010.10109 52688.11712 55088.27620 57571.36447 60268.25690 66502.68850 68736.35293 70650.68875 76783.72172 78452.28930 86385.95520 95433.26760 105993.2370 109348.0482 120143.5600 134421.5764 321347.0461
