    unsorted:	 7.569228217e-05 24.09616602 9.334116360 5.669812745 1.495384175 19.73116024 34.17197628 37.76112442 53.12966148 58.46104107 70.21862637 80.13775906 85.73912261 105.7911964 123.2990056 182.9734287 182.5736777 162.0239808 221.8440353 276.7282496 284.4161615 308.6923626 369.6151532 363.5484107 385.3821817 388.0582535 437.4709979 457.7170154 462.4381334 489.3239864 520.9717004 519.3757934 540.6668985 565.2241144 586.0344712 605.1993944 613.8266798 788.7713514 1168.656303 1296.636833 1400.387624 1511.791652 1615.426828 1597.497568 1708.254868 1879.361638 2112.248710 2166.945801 2348.816459 2688.103268 2936.623037 3170.263042 3341.962584 3580.513546 4000.860600 4913.518630 5071.609408 5389.589634 5778.861391 6177.921079 6342.435445 6452.230930 6795.344058 7763.838754 8044.465692 8969.530859 10113.51268 11154.41318 13257.73400 14023.23878 14687.01202 14915.33541 18973.00017 20521.28653 20366.37148 21591.72351 23960.79424 23910.68489 23480.02976 22974.61235 24221.82996 24795.72333 25790.84445 26579.63172 27663.99312 28815.54950 29422.96474 30359.20357 31295.07707 32508.61057 32380.54353 33238.19687 33420.40115 35469.61375 36120.88555 35878.15300 36637.19696 38700.17006 38838.97399 39271.69693 39589.07111 39933.31923 40546.38458 42374.53192 42538.22338 44470.44517 45186.98446 46167.51435 46362.17914 47587.28205 49310.66435 49983.85999 50275.95443 51725.26894 52371.69951 55020.08938 57577.49699 60723.75572 66245.18122 68850.61549 71891.39059 77140.49353 78383.03562 80709.50170 80108.96165 96550.01825 109553.4444 112065.5255 129574.3489 140175.5298 324675.5361
      sorted:	 7.569228217e-05 1.495384175 5.669812745 9.334116360 19.73116024 24.09616602 34.17197628 37.76112442 53.12966148 58.46104107 70.21862637 80.13775906 85.73912261 105.7911964 123.2990056 162.0239808 182.5736777 182.9734287 221.8440353 276.7282496 284.4161615 308.6923626 363.5484107 369.6151532 385.3821817 388.0582535 437.4709979 457.7170154 462.4381334 489.3239864 519.3757934 520.9717004 540.6668985 565.2241144 586.0344712 605.1993944 613.8266798 788.7713514 1168.656303 1296.636833 1400.387624 1511.791652 1597.497568 1615.426828 1708.254868 1879.361638 2112.248710 2166.945801 2348.816459 2688.103268 2936.623037 3170.263042 3341.962584 3580.513546 4000.860600 4913.518630 5071.609408 5389.589634 5778.861391 6177.921079 6342.435445 6452.230930 6795.344058 7763.838754 8044.465692 8969.530859 10113.51268 11154.41318 13257.73400 14023.23878 14687.01202 14915.33541 18973.00017 20366.37148 20521.28653 21591.72351 22974.61235 23480.02976 23910.68489 23960.79424 24221.82996 24795.72333 25790.84445 26579.63172 27663.99312 28815.54950 29422.96474 30359.20357 31295.07707 32380.54353 32508.61057 33238.19687 33420.40115 35469.61375 35878.15300 36120.88555 36637.19696 38700.17006 38838.97399 39271.69693 39589.07111 39933.31923 40546.38458 42374.53192 42538.22338 44470.44517 45186.98446 46167.51435 46362.17914 47587.28205 49310.66435 49983.85999 50275.95443 51725.26894 52371.69951 55020.08938 57577.49699 60723.75572 66245.18122 68850.61549 71891.39059 77140.49353 78383.03562 80108.96165 80709.50170 96550.01825 109553.4444 112065.5255 129574.3489 140175.5298 324675.5361
