    unsorted:	 7.198315213e-05 23.69091277 20.75848412 9.649599852 1.572790521 5.978915675 34.93412855 36.52505805 54.04740464 57.59854259 72.78281835 76.55935516 87.64952807 100.6953665 127.3813048 165.5704813 185.1357877 177.3651223 226.9481715 279.2275768 289.1982043 312.9014880 372.7171327 367.0286661 388.4190656 391.7343324 440.7355707 459.8692159 465.4016195 492.1752003 523.4621389 522.0603718 542.8126013 566.9675772 587.3775092 604.3148739 614.0643736 794.8223693 1140.676516 1297.198932 1396.506375 1509.169638 1568.091117 1613.000779 1703.869072 1878.554478 2109.933825 2199.045006 2380.619705 2646.598155 3154.808301 3275.065627 3375.391952 3699.428997 4411.047534 5049.403598 5094.716295 5479.803380 6202.955440 6382.082668 6455.262711 6716.108757 7404.737047 8082.373868 9082.091507 10208.55866 11268.36986 13388.76916 14060.23664 14776.81464 14995.07121 19005.14350 20343.82442 20724.15836 21604.62593 22603.22316 24093.98453 23942.13138 23541.97512 24298.49825 25066.21339 25710.29112 27402.96102 27783.93183 28990.87880 29559.97775 30852.42908 31144.72344 32396.46151 33456.39686 33313.81349 35454.88825 35918.80461 36240.53174 36613.72744 38767.62716 38816.81511 39344.18504 39883.34338 40064.44811 40632.85054 41950.00412 42468.56909 43580.14505 44522.00001 46097.69034 46402.01768 47034.87696 47507.99035 49964.83291 50349.24368 51746.86576 52386.77845 54901.22835 57441.26242 60551.46398 65827.29460 68450.13419 71557.93424 73373.11270 77597.49002 79024.21199 82058.23529 96353.07281 109303.5503 111612.8502 127792.4639 137635.3500 326235.1792
      sorted:	 7.198315213e-05 1.572790521 5.978915675 9.649599852 20.75848412 23.69091277 34.93412855 36.52505805 54.04740464 57.59854259 72.78281835 76.55935516 87.64952807 100.6953665 127.3813048 165.5704813 177.3651223 185.1357877 226.9481715 279.2275768 289.1982043 312.9014880 367.0286661 372.7171327 388.4190656 391.7343324 440.7355707 459.8692159 465.4016195 492.1752003 522.0603718 523.4621389 542.8126013 566.9675772 587.3775092 604.3148739 614.0643736 794.8223693 1140.676516 1297.198932 1396.506375 1509.169638 1568.091117 1613.000779 1703.869072 1878.554478 2109.933825 2199.045006 2380.619705 2646.598155 3154.808301 3275.065627 3375.391952 3699.428997 4411.047534 5049.403598 5094.716295 5479.803380 6202.955440 6382.082668 6455.262711 6716.108757 7404.737047 8082.373868 9082.091507 10208.55866 11268.36986 13388.76916 14060.23664 14776.81464 14995.07121 19005.14350 20343.82442 20724.15836 21604.62593 22603.22316 23541.97512 23942.13138 24093.98453 24298.49825 25066.21339 25710.29112 27402.96102 27783.93183 28990.87880 29559.97775 30852.42908 31144.72344 32396.46151 33313.81349 33456.39686 35454.88825 35918.80461 36240.53174 36613.72744 38767.62716 38816.81511 39344.18504 39883.34338 40064.44811 40632.85054 41950.00412 42468.56909 43580.14505 44522.00001 46097.69034 46402.01768 47034.87696 47507.99035 49964.83291 50349.24368 51746.86576 52386.77845 54901.22835 57441.26242 60551.46398 65827.29460 68450.13419 71557.93424 73373.11270 77597.49002 79024.21199 82058.23529 96353.07281 109303.5503 111612.8502 127792.4639 137635.3500 326235.1792
