    unsorted:	 6.303693289e-05 23.74754610 20.51630939 9.634758220 1.571333263 5.900634835 34.99826995 34.68004563 53.32564187 56.40567055 72.27839875 71.78366779 87.44789772 96.10453924 126.4549835 164.6004750 168.8340287 184.9355743 226.0186105 278.9618174 288.1549257 311.7241657 372.2739080 366.4882307 387.7627888 390.9474776 440.0430458 459.2985189 464.8017675 491.5828430 522.9877293 521.5970098 542.3528518 566.4770215 586.8404995 602.5402505 613.4520031 808.2254484 1163.694819 1294.905784 1388.618010 1498.644786 1608.341650 1672.539731 1700.329939 1875.741873 2106.757014 2230.964903 2381.236811 3063.425381 3168.892017 3278.616359 3623.620142 3858.151624 4917.939111 5008.521763 5168.977574 6209.983187 6428.987827 6481.742875 6756.629050 7025.444933 8277.281060 9262.230181 10316.90683 11378.93086 13362.92588 14061.62576 14748.29820 14943.90764 18915.20792 20222.03496 21027.02513 21606.43275 21973.50999 23950.06072 23951.71539 24057.99645 23684.95425 25445.41988 26445.55221 27836.42073 28933.22641 29520.10063 30667.03564 31010.40240 32423.04856 33409.06216 33274.85248 35935.66277 36191.40366 35348.28561 36609.95062 38790.58873 38815.17800 38749.34377 39282.92012 40096.11823 40462.94167 41137.86712 42143.03992 42455.59946 44158.38316 45343.87993 46231.08514 46464.05514 47266.46747 49991.71568 50563.23123 51708.48025 52329.25604 54606.73208 57135.64849 60068.91615 62480.68520 67172.11919 69264.74087 71751.62345 77452.55263 78947.70583 83444.52213 96384.96326 108924.9952 110793.5518 125041.0712 135861.7348 317739.5443
      sorted:	 6.303693289e-05 1.571333263 5.900634835 9.634758220 20.51630939 23.74754610 34.68004563 34.99826995 53.32564187 56.40567055 71.78366779 72.27839875 87.44789772 96.10453924 126.4549835 164.6004750 168.8340287 184.9355743 226.0186105 278.9618174 288.1549257 311.7241657 366.4882307 372.2739080 387.7627888 390.9474776 440.0430458 459.2985189 464.8017675 491.5828430 521.5970098 522.9877293 542.3528518 566.4770215 586.8404995 602.5402505 613.4520031 808.2254484 1163.694819 1294.905784 1388.618010 1498.644786 1608.341650 1672.539731 1700.329939 1875.741873 2106.757014 2230.964903 2381.236811 3063.425381 3168.892017 3278.616359 3623.620142 3858.151624 4917.939111 5008.521763 5168.977574 6209.983187 6428.987827 6481.742875 6756.629050 7025.444933 8277.281060 9262.230181 10316.90683 11378.93086 13362.92588 14061.62576 14748.29820 14943.90764 18915.20792 20222.03496 21027.02513 21606.43275 21973.50999 23684.95425 23950.06072 23951.71539 24057.99645 25445.41988 26445.55221 27836.42073 28933.22641 29520.10063 30667.03564 31010.40240 32423.04856 33274.85248 33409.06216 35348.28561 35935.66277 36191.40366 36609.95062 38749.34377 38790.58873 38815.17800 39282.92012 40096.11823 40462.94167 41137.86712 42143.03992 42455.59946 44158.38316 45343.87993 46231.08514 46464.05514 47266.46747 49991.71568 50563.23123 51708.48025 52329.25604 54606.73208 57135.64849 60068.91615 62480.68520 67172.11919 69264.74087 71751.62345 77452.55263 78947.70583 83444.52213 96384.96326 108924.9952 110793.5518 125041.0712 135861.7348 317739.5443
