    unsorted:	 0.000000000 682.7637998 682.7637999 689.2908693 688.4124852 690.3025810 687.7096210 687.1565401 691.3509611 692.7028534 694.6249168 683.4946271 697.0862418 697.5208725 705.1368385 723.6278790 741.0174888 761.7703653 786.7920356 623.9429158 816.3036926 851.2254384 892.1123058 939.6657133 564.7466422 990.4538825 1043.682966 1100.281053 1158.019737 1216.438849 1223.928472 1285.315239 1302.109657 1347.050876 1404.210847 1440.915745 1466.125190 1490.907800 1510.642308 469.9212366 1580.842120 397.9165882 1682.430163 1753.875831 1860.069871 1940.199772 2077.752925 2159.492652 2262.634463 2389.446313 4.157937107e-05 2485.168469 2583.181018 65.99250531 2680.243054 2730.053595 2749.657011 2949.914225 3067.429095 3153.505524 3286.739407 3430.205784 3560.256313 3888.370939 4006.423314 4102.517776 4248.769131 4275.251256 4724.217106 4923.706488 5075.019028 5319.276664 5718.531581 6082.905499 6454.458715 55540.88910 55688.29518 56132.98682 56430.38359 57097.11398 57251.49854 54954.02359 53863.72789 52350.43506 59343.71916 59192.85521 59499.61401 51979.27610 50627.25639 50816.24392 50317.83214 61543.50830 48847.45923 48310.47724 47880.02771 63187.04211 63679.12655 65590.27437 64740.80836 66672.32500 67940.17744 68189.38178 68808.03289 69181.21987 69622.20047 69939.33110 70353.56510 70646.76561 46350.37487 72015.34063 73187.36373 74558.49801 76623.59331 38710.20063 80761.62954 81068.65641 81518.17176 87442.85230 89699.57153 92300.64057 94086.20297 94667.06319 97689.31536 102728.6960 102386.1496 102915.1936 102183.5857 103252.6315 103638.4459 104067.0676 105569.3521 109113.1477 120896.0005 126717.1751 140010.6662 145235.0278 185434.6914 2.479800101e-06 2.479800101e-06
      sorted:	 0.000000000 2.479800101e-06 2.479800101e-06 4.157937107e-05 65.99250531 397.9165882 469.9212366 564.7466422 623.9429158 682.7637998 682.7637999 683.4946271 687.1565401 687.7096210 688.4124852 689.2908693 690.3025810 691.3509611 692.7028534 694.6249168 697.0862418 697.5208725 705.1368385 723.6278790 741.0174888 761.7703653 786.7920356 816.3036926 851.2254384 892.1123058 939.6657133 990.4538825 1043.682966 1100.281053 1158.019737 1216.438849 1223.928472 1285.315239 1302.109657 1347.050876 1404.210847 1440.915745 1466.125190 1490.907800 1510.642308 1580.842120 1682.430163 1753.875831 1860.069871 1940.199772 2077.752925 2159.492652 2262.634463 2389.446313 2485.168469 2583.181018 2680.243054 2730.053595 2749.657011 2949.914225 3067.429095 3153.505524 3286.739407 3430.205784 3560.256313 3888.370939 4006.423314 4102.517776 4248.769131 4275.251256 4724.217106 4923.706488 5075.019028 5319.276664 5718.531581 6082.905499 6454.458715 38710.20063 46350.37487 47880.02771 48310.47724 48847.45923 50317.83214 50627.25639 50816.24392 51979.27610 52350.43506 53863.72789 54954.02359 55540.88910 55688.29518 56132.98682 56430.38359 57097.11398 57251.49854 59192.85521 59343.71916 59499.61401 61543.50830 63187.04211 63679.12655 64740.80836 65590.27437 66672.32500 67940.17744 68189.38178 68808.03289 69181.21987 69622.20047 69939.33110 70353.56510 70646.76561 72015.34063 73187.36373 74558.49801 76623.59331 80761.62954 81068.65641 81518.17176 87442.85230 89699.57153 92300.64057 94086.20297 94667.06319 97689.31536 102183.5857 102386.1496 102728.6960 102915.1936 103252.6315 103638.4459 104067.0676 105569.3521 109113.1477 120896.0005 126717.1751 140010.6662 145235.0278 185434.6914
