    unsorted:	 681.4421348 681.4421347 689.3795138 688.4880092 690.4098274 687.7765658 687.2192826 691.4907914 692.8645128 694.7988620 685.1120035 697.3441479 698.1769768 707.7822657 729.4489835 749.9534744 774.0112696 625.0405435 802.7020621 836.2837938 875.7247473 921.3409338 566.0405630 973.9662574 1029.501936 1087.214465 1148.004750 1209.469731 1274.661265 1305.075748 1344.561485 1384.993037 1409.095653 1469.034345 1512.006975 1538.793896 1563.706100 1612.194345 470.7963192 1675.647510 399.4905193 -7.353562204e-13 3.113482023e-05 1782.221938 1892.253526 1959.169567 2051.114496 2147.459243 2277.229534 2326.773341 53.42195128 2534.861553 2631.216714 2721.037648 2763.684239 2885.486368 2878.343062 3034.752731 3204.639623 3175.768960 3417.370286 3477.221963 3696.952913 3884.873235 3991.476826 4192.194337 4345.432025 4368.084457 4651.238911 4941.041857 5085.262063 5367.071375 5670.666709 6125.055051 6401.542991 52433.06173 52353.66731 53248.48071 53506.96350 53697.94478 51659.38471 54894.82882 55647.86155 55910.61821 56067.86392 50972.52231 57116.38474 49923.44803 48865.88373 48624.51642 48061.62934 47873.04538 58187.67246 46778.69456 45176.52900 45326.62354 60045.85974 60474.15807 61446.77354 62401.73161 64084.33261 65275.93824 65794.83672 66065.42281 66543.35242 67291.96896 67328.45663 67916.05153 68844.12228 70042.53332 70450.56042 73812.57872 73415.51725 35161.85740 78686.03448 80743.04146 81142.46041 85499.22958 89732.71677 91609.96432 92993.05602 94220.52380 97355.17907 102786.8946 102961.9750 103208.0445 103615.6381 103799.7575 102307.3894 100492.0046 106012.7674 109919.1270 120203.4867 125389.8839 136668.9048 144536.9149 186940.6108 2.479800101e-06 2.479800101e-06
      sorted:	 -7.353562204e-13 2.479800101e-06 2.479800101e-06 3.113482023e-05 53.42195128 399.4905193 470.7963192 566.0405630 625.0405435 681.4421347 681.4421348 685.1120035 687.2192826 687.7765658 688.4880092 689.3795138 690.4098274 691.4907914 692.8645128 694.7988620 697.3441479 698.1769768 707.7822657 729.4489835 749.9534744 774.0112696 802.7020621 836.2837938 875.7247473 921.3409338 973.9662574 1029.501936 1087.214465 1148.004750 1209.469731 1274.661265 1305.075748 1344.561485 1384.993037 1409.095653 1469.034345 1512.006975 1538.793896 1563.706100 1612.194345 1675.647510 1782.221938 1892.253526 1959.169567 2051.114496 2147.459243 2277.229534 2326.773341 2534.861553 2631.216714 2721.037648 2763.684239 2878.343062 2885.486368 3034.752731 3175.768960 3204.639623 3417.370286 3477.221963 3696.952913 3884.873235 3991.476826 4192.194337 4345.432025 4368.084457 4651.238911 4941.041857 5085.262063 5367.071375 5670.666709 6125.055051 6401.542991 35161.85740 45176.52900 45326.62354 46778.69456 47873.04538 48061.62934 48624.51642 48865.88373 49923.44803 50972.52231 51659.38471 52353.66731 52433.06173 53248.48071 53506.96350 53697.94478 54894.82882 55647.86155 55910.61821 56067.86392 57116.38474 58187.67246 60045.85974 60474.15807 61446.77354 62401.73161 64084.33261 65275.93824 65794.83672 66065.42281 66543.35242 67291.96896 67328.45663 67916.05153 68844.12228 70042.53332 70450.56042 73415.51725 73812.57872 78686.03448 80743.04146 81142.46041 85499.22958 89732.71677 91609.96432 92993.05602 94220.52380 97355.17907 100492.0046 102307.3894 102786.8946 102961.9750 103208.0445 103615.6381 103799.7575 106012.7674 109919.1270 120203.4867 125389.8839 136668.9048 144536.9149 186940.6108
