    unsorted:	 666.6451246 666.6646398 664.5984856 667.7946176 660.4842089 662.1478196 653.4649936 657.4281717 652.4488211 671.3836772 647.2589755 646.5767002 674.9358852 675.1945453 639.8465082 636.4462903 633.2151380 629.6000350 626.0402460 623.4888159 619.1064144 619.7529844 612.7579102 610.8032564 679.8647696 597.3952881 589.7435532 591.7257037 586.1809756 575.6365938 573.4914504 569.4120408 552.1152035 546.8730813 534.3827836 525.4127619 521.0507740 708.6297251 504.9502646 497.3743156 494.2642511 492.3539671 486.7276274 470.3549520 465.9256209 457.9443706 442.8899326 432.0798893 418.6205056 366.3733286 344.5293524 338.1698740 287.2670566 183.1857007 988.9962003 164.0211936 144.4947666 112.9549457 66.67515059 1274.440771 1369.971177 1595.280207 1583.753533 2038.437326 2185.575419 2372.354748 2560.635906 2663.296606 2688.849584 2885.839779 3066.750637 3063.967588 3313.414551 3560.926534 5701.342187 20347.83784 20631.40647 19737.30584 21828.95453 22085.74299 22754.84214 24172.33986 24805.41815 25279.78855 26333.26497 14521.51440 27777.56013 28757.59831 30490.25743 31525.73827 32316.09095 32728.25818 34426.01637 36014.52734 37051.16910 37527.34861 37905.12560 39524.92783 44520.53387 44685.04973 45103.97006 45222.88780 43373.65132 42469.41415 47184.85624 47857.88231 49765.07667 50077.56064 52910.19961 54486.82672 54196.10335 58629.80368 65399.55295 68102.40263 67184.17541 70431.09273 78998.99226 82386.87347 85202.88976 88290.07746 91934.71849 105124.0758 105239.4980 104752.9493 104068.9712 106070.3821 99372.03620 113812.2433 119785.0997 133728.5351 138537.9399 155746.9654 176965.1426 173897.9150 185167.5513 262885.0275 755200.8392 2.479800101e-06 2.479800101e-06
      sorted:	 2.479800101e-06 2.479800101e-06 66.67515059 112.9549457 144.4947666 164.0211936 183.1857007 287.2670566 338.1698740 344.5293524 366.3733286 418.6205056 432.0798893 442.8899326 457.9443706 465.9256209 470.3549520 486.7276274 492.3539671 494.2642511 497.3743156 504.9502646 521.0507740 525.4127619 534.3827836 546.8730813 552.1152035 569.4120408 573.4914504 575.6365938 586.1809756 589.7435532 591.7257037 597.3952881 610.8032564 612.7579102 619.1064144 619.7529844 623.4888159 626.0402460 629.6000350 633.2151380 636.4462903 639.8465082 646.5767002 647.2589755 652.4488211 653.4649936 657.4281717 660.4842089 662.1478196 664.5984856 666.6451246 666.6646398 667.7946176 671.3836772 674.9358852 675.1945453 679.8647696 708.6297251 988.9962003 1274.440771 1369.971177 1583.753533 1595.280207 2038.437326 2185.575419 2372.354748 2560.635906 2663.296606 2688.849584 2885.839779 3063.967588 3066.750637 3313.414551 3560.926534 5701.342187 14521.51440 19737.30584 20347.83784 20631.40647 21828.95453 22085.74299 22754.84214 24172.33986 24805.41815 25279.78855 26333.26497 27777.56013 28757.59831 30490.25743 31525.73827 32316.09095 32728.25818 34426.01637 36014.52734 37051.16910 37527.34861 37905.12560 39524.92783 42469.41415 43373.65132 44520.53387 44685.04973 45103.97006 45222.88780 47184.85624 47857.88231 49765.07667 50077.56064 52910.19961 54196.10335 54486.82672 58629.80368 65399.55295 67184.17541 68102.40263 70431.09273 78998.99226 82386.87347 85202.88976 88290.07746 91934.71849 99372.03620 104068.9712 104752.9493 105124.0758 105239.4980 106070.3821 113812.2433 119785.0997 133728.5351 138537.9399 155746.9654 173897.9150 176965.1426 185167.5513 262885.0275 755200.8392
