    unsorted:	 0.000000000 684.6045043 684.6045449 689.0832861 688.2433353 687.5717378 687.0454150 690.0479143 691.0414434 692.3460287 694.2095196 696.2068936 696.8491537 682.1746603 702.4529036 714.9854866 727.4181715 742.6844350 761.5006288 783.9121656 630.2980644 810.8642154 843.0940725 881.5731957 923.8409416 969.3334290 564.8118194 1018.999461 1029.363855 1072.285396 1131.157116 1155.626911 1192.241750 1251.258082 1302.357143 1313.547406 1323.701845 1350.757136 1371.051925 1409.920574 483.5799814 1464.697221 1490.109633 409.1084271 1644.372041 1655.790126 1888.541571 2082.786742 2068.028822 2117.316943 2186.271836 3.695361365e-05 93.65289210 2320.554348 2408.150393 2457.033889 2558.760917 2765.467325 2810.377150 2961.784212 3017.905569 3247.883248 3501.468214 3826.546635 3896.418564 4045.816436 4053.343398 4277.345628 4703.389656 4910.819373 5083.413122 5361.857402 5720.703599 6019.492216 6547.065993 66798.36288 66835.42064 66737.00404 66062.03778 68378.92973 69062.41343 70816.25759 70582.69146 71834.89914 72356.16413 73104.00715 74023.28027 73915.99247 75219.95058 64591.76244 63606.20043 76126.10668 76975.26786 77377.27457 77845.74980 77962.19998 78407.84088 78748.16094 61701.18477 60941.80842 60089.57494 59288.10029 59375.09764 58604.76695 58151.24724 57832.91461 80289.40976 80760.96487 81081.51669 55943.47321 53919.77260 53563.32302 83110.14581 52255.68748 84616.54556 50316.00035 89188.90575 91221.83591 93049.20048 94987.69350 95547.67241 98789.20279 100452.6929 100810.3317 101072.7163 101626.6522 102543.3323 103449.9468 104079.5389 106089.5329 107575.5132 112337.8160 119716.9580 133558.8423 148724.2268 151151.0049 184818.2718 2.479800101e-06 2.479800101e-06
      sorted:	 0.000000000 2.479800101e-06 2.479800101e-06 3.695361365e-05 93.65289210 409.1084271 483.5799814 564.8118194 630.2980644 682.1746603 684.6045043 684.6045449 687.0454150 687.5717378 688.2433353 689.0832861 690.0479143 691.0414434 692.3460287 694.2095196 696.2068936 696.8491537 702.4529036 714.9854866 727.4181715 742.6844350 761.5006288 783.9121656 810.8642154 843.0940725 881.5731957 923.8409416 969.3334290 1018.999461 1029.363855 1072.285396 1131.157116 1155.626911 1192.241750 1251.258082 1302.357143 1313.547406 1323.701845 1350.757136 1371.051925 1409.920574 1464.697221 1490.109633 1644.372041 1655.790126 1888.541571 2068.028822 2082.786742 2117.316943 2186.271836 2320.554348 2408.150393 2457.033889 2558.760917 2765.467325 2810.377150 2961.784212 3017.905569 3247.883248 3501.468214 3826.546635 3896.418564 4045.816436 4053.343398 4277.345628 4703.389656 4910.819373 5083.413122 5361.857402 5720.703599 6019.492216 6547.065993 50316.00035 52255.68748 53563.32302 53919.77260 55943.47321 57832.91461 58151.24724 58604.76695 59288.10029 59375.09764 60089.57494 60941.80842 61701.18477 63606.20043 64591.76244 66062.03778 66737.00404 66798.36288 66835.42064 68378.92973 69062.41343 70582.69146 70816.25759 71834.89914 72356.16413 73104.00715 73915.99247 74023.28027 75219.95058 76126.10668 76975.26786 77377.27457 77845.74980 77962.19998 78407.84088 78748.16094 80289.40976 80760.96487 81081.51669 83110.14581 84616.54556 89188.90575 91221.83591 93049.20048 94987.69350 95547.67241 98789.20279 100452.6929 100810.3317 101072.7163 101626.6522 102543.3323 103449.9468 104079.5389 106089.5329 107575.5132 112337.8160 119716.9580 133558.8423 148724.2268 151151.0049 184818.2718
