    unsorted:	 684.5680427 688.1085326 687.4891373 686.9927758 686.6015937 688.8192640 689.5325266 690.4626192 691.7892159 693.2481003 694.1462165 697.7091640 676.2502566 707.6170723 716.7250455 727.7869136 741.7244438 758.8384431 779.7507022 627.5908421 805.1130061 835.5571227 869.7524127 907.1249805 948.3743701 941.0662265 959.3622223 992.7125644 1010.062749 1041.654176 1074.809660 1093.209222 1124.911854 1140.413684 1163.717947 1194.507412 1212.087017 1226.205833 1244.589168 1241.826141 563.9488276 1297.294617 1352.963051 1374.074862 483.0013647 1461.449996 1476.453176 1497.291456 408.1150049 1601.319824 1650.068598 1731.756252 1857.238377 1910.582174 -8.902443511e-07 2027.301855 2055.168645 83.54976067 2289.976744 2500.276884 2714.424585 2824.580024 2885.104255 3337.230562 3412.454612 3798.566226 3912.867958 4158.626065 4325.027285 4784.061397 4865.919389 5287.083072 5653.966114 6580.116315 56459.42158 56777.73934 56262.44082 57659.04246 55563.54514 54727.67185 58673.39028 59085.61591 59879.69517 60881.33772 61112.88009 61531.58653 62569.20643 63147.37822 63416.38360 53942.84948 64801.24132 53118.54838 68001.99004 68246.61519 68440.39684 68688.43622 67047.38873 66453.64740 69078.04796 70371.22500 71149.08316 71803.29957 72254.17250 72894.45746 73031.77108 73906.96525 74538.02324 75114.09576 51235.34095 50633.15482 49744.01168 78513.05878 80801.75600 80409.30486 81896.82339 86661.05535 88982.67852 31476.14363 92017.79601 93276.29204 93562.02900 97029.97113 101275.0752 100914.7534 101698.4816 102234.5591 102845.7842 102655.1932 104052.4465 106651.2279 106968.9501 118013.6768 129156.1159 138606.3066 144298.7522 177998.4688 7518068.614 2.479800101e-06 2.479800101e-06
      sorted:	 -8.902443511e-07 2.479800101e-06 2.479800101e-06 83.54976067 408.1150049 483.0013647 563.9488276 627.5908421 676.2502566 684.5680427 686.6015937 686.9927758 687.4891373 688.1085326 688.8192640 689.5325266 690.4626192 691.7892159 693.2481003 694.1462165 697.7091640 707.6170723 716.7250455 727.7869136 741.7244438 758.8384431 779.7507022 805.1130061 835.5571227 869.7524127 907.1249805 941.0662265 948.3743701 959.3622223 992.7125644 1010.062749 1041.654176 1074.809660 1093.209222 1124.911854 1140.413684 1163.717947 1194.507412 1212.087017 1226.205833 1241.826141 1244.589168 1297.294617 1352.963051 1374.074862 1461.449996 1476.453176 1497.291456 1601.319824 1650.068598 1731.756252 1857.238377 1910.582174 2027.301855 2055.168645 2289.976744 2500.276884 2714.424585 2824.580024 2885.104255 3337.230562 3412.454612 3798.566226 3912.867958 4158.626065 4325.027285 4784.061397 4865.919389 5287.083072 5653.966114 6580.116315 31476.14363 49744.01168 50633.15482 51235.34095 53118.54838 53942.84948 54727.67185 55563.54514 56262.44082 56459.42158 56777.73934 57659.04246 58673.39028 59085.61591 59879.69517 60881.33772 61112.88009 61531.58653 62569.20643 63147.37822 63416.38360 64801.24132 66453.64740 67047.38873 68001.99004 68246.61519 68440.39684 68688.43622 69078.04796 70371.22500 71149.08316 71803.29957 72254.17250 72894.45746 73031.77108 73906.96525 74538.02324 75114.09576 78513.05878 80409.30486 80801.75600 81896.82339 86661.05535 88982.67852 92017.79601 93276.29204 93562.02900 97029.97113 100914.7534 101275.0752 101698.4816 102234.5591 102655.1932 102845.7842 104052.4465 106651.2279 106968.9501 118013.6768 129156.1159 138606.3066 144298.7522 177998.4688 7518068.614
