    unsorted:	 675.9548529 675.9548522 689.8938770 688.9784768 688.1817427 687.5412337 687.0339236 690.8133819 691.9709180 693.6271007 695.3933989 695.9298399 682.6963824 702.1481300 732.8241970 760.5010580 791.5169015 617.1898485 827.5912750 869.2037400 917.1330636 561.6159350 971.5754235 1032.330637 1095.308119 1159.489255 1224.876296 1289.408205 474.6787280 1356.043558 1421.359159 1471.990869 1506.138385 1521.814276 1556.534292 1600.123972 1629.926632 1643.662179 1671.884654 433.2220406 1776.067442 1835.169263 -7.397900054e-12 2101.425550 2146.314037 2206.795078 7.808483837e-06 2306.254635 2568.206315 2606.211616 2680.298363 2740.749494 2759.249069 2846.472287 2951.723656 3011.182440 3064.968673 3119.491511 3166.320776 3219.048543 3248.166129 3351.794553 71.30744842 3468.902235 3540.550733 3683.478993 3709.040191 3873.887787 3931.877090 4015.292843 4171.116894 4252.712264 4442.051857 4678.434240 5380.510883 42819.78728 42553.43133 42642.22304 43319.34821 43735.22033 44029.97259 41770.69573 44563.12747 40787.83130 38980.74776 38871.23940 38529.14093 38417.28182 37559.19663 37085.92022 45304.08634 36363.06470 35145.84500 34978.45333 34865.24216 34512.01434 46021.05158 46333.52945 46577.72438 30709.69881 30305.89159 29003.15925 49552.82806 50332.15105 51101.17502 52125.57443 52547.70339 18228.22164 55142.12333 58251.42394 60598.15688 62664.54609 65107.79882 65464.04495 69615.21922 79602.69195 80616.70706 77646.40382 83220.42123 88360.56161 90795.35975 91393.51493 93005.87521 95709.20243 104886.3517 104798.2768 104440.6924 105321.9103 102208.5931 100457.4833 107616.8120 112443.7718 117135.3717 127442.5680 133908.9093 145211.4036 193935.4322 2.479800101e-06 2.479800101e-06
      sorted:	 -7.397900054e-12 2.479800101e-06 2.479800101e-06 7.808483837e-06 71.30744842 433.2220406 474.6787280 561.6159350 617.1898485 675.9548522 675.9548529 682.6963824 687.0339236 687.5412337 688.1817427 688.9784768 689.8938770 690.8133819 691.9709180 693.6271007 695.3933989 695.9298399 702.1481300 732.8241970 760.5010580 791.5169015 827.5912750 869.2037400 917.1330636 971.5754235 1032.330637 1095.308119 1159.489255 1224.876296 1289.408205 1356.043558 1421.359159 1471.990869 1506.138385 1521.814276 1556.534292 1600.123972 1629.926632 1643.662179 1671.884654 1776.067442 1835.169263 2101.425550 2146.314037 2206.795078 2306.254635 2568.206315 2606.211616 2680.298363 2740.749494 2759.249069 2846.472287 2951.723656 3011.182440 3064.968673 3119.491511 3166.320776 3219.048543 3248.166129 3351.794553 3468.902235 3540.550733 3683.478993 3709.040191 3873.887787 3931.877090 4015.292843 4171.116894 4252.712264 4442.051857 4678.434240 5380.510883 18228.22164 29003.15925 30305.89159 30709.69881 34512.01434 34865.24216 34978.45333 35145.84500 36363.06470 37085.92022 37559.19663 38417.28182 38529.14093 38871.23940 38980.74776 40787.83130 41770.69573 42553.43133 42642.22304 42819.78728 43319.34821 43735.22033 44029.97259 44563.12747 45304.08634 46021.05158 46333.52945 46577.72438 49552.82806 50332.15105 51101.17502 52125.57443 52547.70339 55142.12333 58251.42394 60598.15688 62664.54609 65107.79882 65464.04495 69615.21922 77646.40382 79602.69195 80616.70706 83220.42123 88360.56161 90795.35975 91393.51493 93005.87521 95709.20243 100457.4833 102208.5931 104440.6924 104798.2768 104886.3517 105321.9103 107616.8120 112443.7718 117135.3717 127442.5680 133908.9093 145211.4036 193935.4322
