    unsorted:	 684.7348820 684.8706374 684.9911445 685.0871644 685.1615636 684.6008101 684.4100912 685.4429310 684.1306162 683.7567198 679.9322878 677.8989402 676.2092579 674.0194109 671.2041886 667.7586546 663.4645425 658.3115306 652.7089627 646.9958715 640.6856906 633.7753630 625.1627131 615.6427149 605.3339249 593.4715357 574.9624240 765.7096697 557.3960092 797.7476032 531.9016139 496.9537958 835.1019284 449.0463508 443.8011340 430.6987811 391.4246727 368.3825822 310.8403114 1069.994410 1209.152339 1281.881385 1309.530246 214.7737605 1520.566406 1530.811921 1508.707791 1464.205803 1656.461932 1715.239365 1741.356242 1794.680726 101.9637697 47.10647131 1949.859859 2010.611966 2035.485093 2139.157772 2243.982513 2323.267549 2383.219715 2435.747644 2571.845116 2612.090273 2810.098667 2911.433979 3001.900940 3069.089037 3178.446203 3267.224546 3386.284311 3605.214085 3675.629030 3740.571010 7224.159465 36744.03490 34637.85974 34255.26784 34165.68034 34963.08112 35438.58329 36215.63082 36366.72012 33432.45562 32960.55629 32318.77494 32169.90127 31944.96631 39753.69978 39880.46247 39350.23436 41014.56121 40767.86020 41358.62056 41272.07662 42783.66089 43034.42325 43312.59863 28939.03667 28626.69984 28138.72116 44925.23307 45524.57887 46406.41645 47610.64569 48113.03457 18782.12401 53144.19484 52915.81065 54534.59230 56417.65679 59278.61417 60387.10363 64594.59697 65301.01932 71421.26304 74740.33553 76955.70519 80825.80946 81674.40473 82520.30808 83898.59035 87352.50327 94035.10153 95776.70663 97218.51042 105216.2511 105242.3400 105791.8564 102593.5359 106335.1300 108295.6872 116965.8454 122970.7212 133852.1833 139690.2750 174758.0727 2.479800101e-06 2.479800101e-06
      sorted:	 2.479800101e-06 2.479800101e-06 47.10647131 101.9637697 214.7737605 310.8403114 368.3825822 391.4246727 430.6987811 443.8011340 449.0463508 496.9537958 531.9016139 557.3960092 574.9624240 593.4715357 605.3339249 615.6427149 625.1627131 633.7753630 640.6856906 646.9958715 652.7089627 658.3115306 663.4645425 667.7586546 671.2041886 674.0194109 676.2092579 677.8989402 679.9322878 683.7567198 684.1306162 684.4100912 684.6008101 684.7348820 684.8706374 684.9911445 685.0871644 685.1615636 685.4429310 765.7096697 797.7476032 835.1019284 1069.994410 1209.152339 1281.881385 1309.530246 1464.205803 1508.707791 1520.566406 1530.811921 1656.461932 1715.239365 1741.356242 1794.680726 1949.859859 2010.611966 2035.485093 2139.157772 2243.982513 2323.267549 2383.219715 2435.747644 2571.845116 2612.090273 2810.098667 2911.433979 3001.900940 3069.089037 3178.446203 3267.224546 3386.284311 3605.214085 3675.629030 3740.571010 7224.159465 18782.12401 28138.72116 28626.69984 28939.03667 31944.96631 32169.90127 32318.77494 32960.55629 33432.45562 34165.68034 34255.26784 34637.85974 34963.08112 35438.58329 36215.63082 36366.72012 36744.03490 39350.23436 39753.69978 39880.46247 40767.86020 41014.56121 41272.07662 41358.62056 42783.66089 43034.42325 43312.59863 44925.23307 45524.57887 46406.41645 47610.64569 48113.03457 52915.81065 53144.19484 54534.59230 56417.65679 59278.61417 60387.10363 64594.59697 65301.01932 71421.26304 74740.33553 76955.70519 80825.80946 81674.40473 82520.30808 83898.59035 87352.50327 94035.10153 95776.70663 97218.51042 102593.5359 105216.2511 105242.3400 105791.8564 106335.1300 108295.6872 116965.8454 122970.7212 133852.1833 139690.2750 174758.0727
