    unsorted:	 683.7824473 683.7824474 683.7824475 -1.081010281e-13 693.3731358 694.0492659 691.5467687 695.4979391 690.0704194 688.9126193 697.6885056 700.4611187 704.4708280 707.9018915 717.4658044 745.3380184 644.9071231 770.1256473 797.0387318 829.1873390 866.3349183 909.3771904 959.1997444 557.9768890 1015.718244 1076.121531 1138.979310 1205.232760 1272.739601 1343.487686 1387.110694 1421.044298 1491.002407 1562.080639 1606.520382 1648.754128 1665.792462 1688.804489 1716.343908 1767.041558 1775.243440 1810.625738 431.1412735 361.5559618 7.975859531e-05 2244.946032 2343.389501 88.83106712 2480.243844 2579.727147 2656.404235 2797.446367 2906.586948 3071.839306 3143.384945 3405.768255 3377.633536 3441.218364 3539.885247 3738.905190 3731.635625 3986.831988 4054.228218 4137.028244 4370.995228 4678.193664 4804.409507 4833.421658 5156.995043 5422.183106 5514.340721 5811.995978 6125.822225 6472.631730 6772.252354 70217.03300 70891.27323 71633.58934 69615.33537 69193.22789 68812.95464 68425.68094 72988.08422 72688.07169 74274.76050 74950.71806 76931.30584 76514.32865 77467.94183 80229.54793 80118.30480 80534.22304 80608.99357 79617.58078 81253.96093 81652.53661 82447.66260 66447.99590 83583.70290 84073.50868 85002.00040 64011.04668 60318.26709 59183.71829 58605.46030 58225.03837 57526.29815 55918.23440 55221.72222 53394.36150 50687.72562 49548.00535 88987.81200 47621.39899 46185.67121 91970.95803 44537.88902 93375.93433 94368.20977 96140.81187 97146.49278 100557.7285 100120.4795 101266.0805 101721.6720 102872.9781 103676.0560 104137.1044 104784.4393 107927.1805 110393.8504 117316.2514 122783.9966 139414.6848 151885.6735 159417.1380 188746.6900 2.479800101e-06 2.479800101e-06
      sorted:	 -1.081010281e-13 2.479800101e-06 2.479800101e-06 7.975859531e-05 88.83106712 361.5559618 431.1412735 557.9768890 644.9071231 683.7824473 683.7824474 683.7824475 688.9126193 690.0704194 691.5467687 693.3731358 694.0492659 695.4979391 697.6885056 700.4611187 704.4708280 707.9018915 717.4658044 745.3380184 770.1256473 797.0387318 829.1873390 866.3349183 909.3771904 959.1997444 1015.718244 1076.121531 1138.979310 1205.232760 1272.739601 1343.487686 1387.110694 1421.044298 1491.002407 1562.080639 1606.520382 1648.754128 1665.792462 1688.804489 1716.343908 1767.041558 1775.243440 1810.625738 2244.946032 2343.389501 2480.243844 2579.727147 2656.404235 2797.446367 2906.586948 3071.839306 3143.384945 3377.633536 3405.768255 3441.218364 3539.885247 3731.635625 3738.905190 3986.831988 4054.228218 4137.028244 4370.995228 4678.193664 4804.409507 4833.421658 5156.995043 5422.183106 5514.340721 5811.995978 6125.822225 6472.631730 6772.252354 44537.88902 46185.67121 47621.39899 49548.00535 50687.72562 53394.36150 55221.72222 55918.23440 57526.29815 58225.03837 58605.46030 59183.71829 60318.26709 64011.04668 66447.99590 68425.68094 68812.95464 69193.22789 69615.33537 70217.03300 70891.27323 71633.58934 72688.07169 72988.08422 74274.76050 74950.71806 76514.32865 76931.30584 77467.94183 79617.58078 80118.30480 80229.54793 80534.22304 80608.99357 81253.96093 81652.53661 82447.66260 83583.70290 84073.50868 85002.00040 88987.81200 91970.95803 93375.93433 94368.20977 96140.81187 97146.49278 100120.4795 100557.7285 101266.0805 101721.6720 102872.9781 103676.0560 104137.1044 104784.4393 107927.1805 110393.8504 117316.2514 122783.9966 139414.6848 151885.6735 159417.1380 188746.6900
