    unsorted:	 300.9550592 300.9550593 300.9550593 695.1301336 697.2068161 702.5861542 707.0312979 712.3055783 718.6082059 725.7467416 732.2845828 739.1578742 743.7697434 758.4203463 775.0174365 653.8136045 814.9070564 874.2446716 527.7784988 475.3428676 490.3165861 464.2594132 424.4273731 364.6691679 349.3933298 297.3442701 970.2018526 1163.726636 -1.153886200e-07 1321.708210 1400.630694 1457.849521 1501.250085 1545.516951 89.31577184 34.27113061 1696.054805 2051.590759 2034.089117 2545.125721 2515.774609 2602.204136 2792.452119 2826.318716 2916.149626 3116.531699 3329.906581 3683.110459 3953.597006 4189.381846 4411.177950 4623.258860 4829.379329 5028.377913 5221.202414 5407.948735 5591.043424 5565.391002 5764.485233 5931.687210 6093.651161 6243.987077 6382.587890 6503.698239 6601.408337 6649.264639 6847.330473 7027.699766 7710.054605 8328.500510 8645.083746 9503.184897 9998.844421 11731.54524 13276.13465 17040.96279 23538.04716 30410.58812 31806.64718 36866.04327 38546.37834 43079.87473 41683.72252 45546.65136 45819.96358 48198.43504 48675.48545 49206.56458 55718.94107 55599.44234 55077.09421 54232.69050 56550.08921 52440.15857 58368.95931 58662.84290 59091.73901 60505.80616 60996.73301 63382.57675 64296.74063 64677.83936 67574.50313 66587.00006 69196.38380 69686.51056 73789.90172 74548.94773 74994.37323 76373.16426 77550.75272 82359.05256 84376.42710 85960.03130 88737.59516 93613.87127 95615.03269 99295.37263 98895.39927 97132.50473 100834.2654 102057.8902 101905.8818 102916.0901 103422.5975 104744.1351 104997.6188 106120.0411 108004.6592 108304.0725 117001.0352 137266.5568 143209.5295 147680.9268 184627.4821 284359.3230 21161178.67 2.479800101e-06 2.479800101e-06
      sorted:	 -1.153886200e-07 2.479800101e-06 2.479800101e-06 34.27113061 89.31577184 297.3442701 300.9550592 300.9550593 300.9550593 349.3933298 364.6691679 424.4273731 464.2594132 475.3428676 490.3165861 527.7784988 653.8136045 695.1301336 697.2068161 702.5861542 707.0312979 712.3055783 718.6082059 725.7467416 732.2845828 739.1578742 743.7697434 758.4203463 775.0174365 814.9070564 874.2446716 970.2018526 1163.726636 1321.708210 1400.630694 1457.849521 1501.250085 1545.516951 1696.054805 2034.089117 2051.590759 2515.774609 2545.125721 2602.204136 2792.452119 2826.318716 2916.149626 3116.531699 3329.906581 3683.110459 3953.597006 4189.381846 4411.177950 4623.258860 4829.379329 5028.377913 5221.202414 5407.948735 5565.391002 5591.043424 5764.485233 5931.687210 6093.651161 6243.987077 6382.587890 6503.698239 6601.408337 6649.264639 6847.330473 7027.699766 7710.054605 8328.500510 8645.083746 9503.184897 9998.844421 11731.54524 13276.13465 17040.96279 23538.04716 30410.58812 31806.64718 36866.04327 38546.37834 41683.72252 43079.87473 45546.65136 45819.96358 48198.43504 48675.48545 49206.56458 52440.15857 54232.69050 55077.09421 55599.44234 55718.94107 56550.08921 58368.95931 58662.84290 59091.73901 60505.80616 60996.73301 63382.57675 64296.74063 64677.83936 66587.00006 67574.50313 69196.38380 69686.51056 73789.90172 74548.94773 74994.37323 76373.16426 77550.75272 82359.05256 84376.42710 85960.03130 88737.59516 93613.87127 95615.03269 97132.50473 98895.39927 99295.37263 100834.2654 101905.8818 102057.8902 102916.0901 103422.5975 104744.1351 104997.6188 106120.0411 108004.6592 108304.0725 117001.0352 137266.5568 143209.5295 147680.9268 184627.4821 284359.3230 21161178.67
