    unsorted:	 686.0427524 685.8922074 685.7719236 685.6786587 686.2119479 686.3617014 686.4095008 686.6197980 686.9588475 685.2004164 684.8372892 687.4121713 689.2846647 682.0911781 692.8173234 696.9136168 676.8604784 701.8314877 708.5804334 664.8638264 716.9319155 726.8765031 736.8235917 747.2956614 645.5352367 757.5625679 769.8604568 784.1828945 795.0446373 616.6060192 807.5565669 592.2267762 567.2647483 865.1863515 529.9570077 965.9141292 458.5499900 443.8947486 1031.514412 314.1734705 1260.893521 1330.725699 1454.068328 1491.025919 1590.330113 1665.165029 1736.997345 1704.402913 1838.047631 1883.366348 1928.398161 1982.030061 2094.132921 96.23370775 2159.965964 2204.366926 53.88086006 2327.986994 2413.076477 2513.373246 2515.744940 2609.628989 2718.046845 2759.326941 2927.500766 3040.903136 3142.245542 3164.184222 3302.690092 3429.442375 3552.609765 3752.225787 3826.799839 3903.017658 7456.941581 34642.48424 34713.39601 34297.34486 33812.37264 33768.70979 33401.52621 35481.37751 36431.47657 36494.21218 36165.64895 36937.92206 37129.20066 32805.45631 39981.15667 40348.59134 41251.17779 40945.76224 41624.75935 41935.16266 42939.94302 42854.32346 43661.41770 44112.69878 29442.60416 29127.80883 28403.59577 45049.17273 45393.32762 46687.44626 47460.90410 48034.41917 18695.79733 52316.41997 54490.15852 56623.09330 58032.53787 59337.31015 62263.83362 63522.01466 68425.92039 69316.10872 74993.80382 80817.88324 79997.05896 82500.76389 84882.96072 85670.49906 89839.78695 94846.03260 96077.42939 98072.88013 105067.9023 105141.0846 105660.7913 103735.7616 106409.8573 108898.6290 118220.7653 122094.6827 133304.5234 141420.5727 177100.4800 2.479800101e-06 2.479800101e-06
      sorted:	 2.479800101e-06 2.479800101e-06 53.88086006 96.23370775 314.1734705 443.8947486 458.5499900 529.9570077 567.2647483 592.2267762 616.6060192 645.5352367 664.8638264 676.8604784 682.0911781 684.8372892 685.2004164 685.6786587 685.7719236 685.8922074 686.0427524 686.2119479 686.3617014 686.4095008 686.6197980 686.9588475 687.4121713 689.2846647 692.8173234 696.9136168 701.8314877 708.5804334 716.9319155 726.8765031 736.8235917 747.2956614 757.5625679 769.8604568 784.1828945 795.0446373 807.5565669 865.1863515 965.9141292 1031.514412 1260.893521 1330.725699 1454.068328 1491.025919 1590.330113 1665.165029 1704.402913 1736.997345 1838.047631 1883.366348 1928.398161 1982.030061 2094.132921 2159.965964 2204.366926 2327.986994 2413.076477 2513.373246 2515.744940 2609.628989 2718.046845 2759.326941 2927.500766 3040.903136 3142.245542 3164.184222 3302.690092 3429.442375 3552.609765 3752.225787 3826.799839 3903.017658 7456.941581 18695.79733 28403.59577 29127.80883 29442.60416 32805.45631 33401.52621 33768.70979 33812.37264 34297.34486 34642.48424 34713.39601 35481.37751 36165.64895 36431.47657 36494.21218 36937.92206 37129.20066 39981.15667 40348.59134 40945.76224 41251.17779 41624.75935 41935.16266 42854.32346 42939.94302 43661.41770 44112.69878 45049.17273 45393.32762 46687.44626 47460.90410 48034.41917 52316.41997 54490.15852 56623.09330 58032.53787 59337.31015 62263.83362 63522.01466 68425.92039 69316.10872 74993.80382 79997.05896 80817.88324 82500.76389 84882.96072 85670.49906 89839.78695 94846.03260 96077.42939 98072.88013 103735.7616 105067.9023 105141.0846 105660.7913 106409.8573 108898.6290 118220.7653 122094.6827 133304.5234 141420.5727 177100.4800
