    unsorted:	 679.6340179 679.9847518 681.0594969 677.8122210 682.1463016 675.7625219 673.8124346 671.1021070 669.9466260 665.8346798 659.3455754 656.9815533 652.8545430 642.5993474 643.8820558 646.9042211 640.0286369 635.9218309 633.8760995 630.7889354 625.3582123 618.1930948 614.8582864 609.6080392 605.0341842 602.1661039 601.4587324 592.3481706 588.2220072 583.4935285 704.8384722 572.4645198 562.7520235 552.4405475 548.3105060 727.6204673 735.3331067 528.9458036 787.4310563 791.1590590 810.3333640 474.3300313 468.2259409 447.2853459 398.9356945 340.0000069 326.4643432 950.3498901 270.6210055 251.3282836 1038.782041 1122.349670 122.7144589 40.16643810 23.06064028 6.582530278 1268.899651 1376.899988 1423.637429 1697.161127 1748.549885 1787.421342 1845.006236 2295.438037 2336.331720 2412.221666 2581.815183 2659.267266 2743.357140 2791.288322 2853.390087 3118.433344 3142.035030 3191.118331 3647.214328 35808.60150 35979.15204 35667.85669 35298.96921 34956.40513 36635.90059 36851.37708 37524.33829 38083.21983 33769.42941 31787.58161 31882.04244 31565.17249 31322.32826 30991.14957 38825.20465 39739.78361 40452.28032 41963.88236 41775.39120 42245.84673 27316.27115 26640.99957 26093.31176 24935.70330 24363.46553 21018.71519 46996.19834 47093.93470 47974.09965 49182.77593 50115.55009 55545.35126 58573.23673 60032.13767 62282.63881 61574.64876 62826.20017 65039.36005 65186.49184 66869.63735 71078.13158 77713.83142 79243.41990 80167.05183 82643.71154 92573.91208 95899.21123 105693.9286 105639.4525 105877.2897 106249.5466 106803.1021 102465.7393 100972.3085 111061.9343 113117.1816 120783.3417 143014.2733 177645.6052 254337.0111 571086.2452 2.479800101e-06 2.479800101e-06
      sorted:	 2.479800101e-06 2.479800101e-06 6.582530278 23.06064028 40.16643810 122.7144589 251.3282836 270.6210055 326.4643432 340.0000069 398.9356945 447.2853459 468.2259409 474.3300313 528.9458036 548.3105060 552.4405475 562.7520235 572.4645198 583.4935285 588.2220072 592.3481706 601.4587324 602.1661039 605.0341842 609.6080392 614.8582864 618.1930948 625.3582123 630.7889354 633.8760995 635.9218309 640.0286369 642.5993474 643.8820558 646.9042211 652.8545430 656.9815533 659.3455754 665.8346798 669.9466260 671.1021070 673.8124346 675.7625219 677.8122210 679.6340179 679.9847518 681.0594969 682.1463016 704.8384722 727.6204673 735.3331067 787.4310563 791.1590590 810.3333640 950.3498901 1038.782041 1122.349670 1268.899651 1376.899988 1423.637429 1697.161127 1748.549885 1787.421342 1845.006236 2295.438037 2336.331720 2412.221666 2581.815183 2659.267266 2743.357140 2791.288322 2853.390087 3118.433344 3142.035030 3191.118331 3647.214328 21018.71519 24363.46553 24935.70330 26093.31176 26640.99957 27316.27115 30991.14957 31322.32826 31565.17249 31787.58161 31882.04244 33769.42941 34956.40513 35298.96921 35667.85669 35808.60150 35979.15204 36635.90059 36851.37708 37524.33829 38083.21983 38825.20465 39739.78361 40452.28032 41775.39120 41963.88236 42245.84673 46996.19834 47093.93470 47974.09965 49182.77593 50115.55009 55545.35126 58573.23673 60032.13767 61574.64876 62282.63881 62826.20017 65039.36005 65186.49184 66869.63735 71078.13158 77713.83142 79243.41990 80167.05183 82643.71154 92573.91208 95899.21123 100972.3085 102465.7393 105639.4525 105693.9286 105877.2897 106249.5466 106803.1021 111061.9343 113117.1816 120783.3417 143014.2733 177645.6052 254337.0111 571086.2452
