    unsorted:	 684.3906819 684.0609713 683.6333416 683.0935457 682.4864453 684.8275320 681.8928129 681.0218906 679.7325946 677.9909714 672.4003701 670.4083541 667.0871385 661.8061334 655.6644995 648.1427746 639.4799643 629.4503322 618.9816565 605.0898124 590.0506076 572.8559536 553.6977039 536.6296057 516.6046911 492.4600073 488.3419284 785.9165175 456.0967569 450.0723793 803.3924029 420.8718119 411.8278069 382.7491604 367.4673612 330.9662319 287.6437519 965.8914356 249.7157934 233.8643371 1019.026406 1069.065042 1172.661453 1200.892751 1232.181557 123.3070340 109.9986990 1332.595944 1406.164735 1458.938297 1498.978171 36.61761713 21.14690990 1533.064851 1672.701883 1728.985453 1859.297960 1902.062849 2029.364140 2030.997678 2119.834236 2153.736397 2308.807912 2558.791577 2496.093313 2791.785007 2840.235235 2928.508379 3020.559929 3064.390916 3164.149917 3410.873619 3466.999620 3523.145354 5518.007391 33807.14932 33660.22175 33418.21804 33216.13191 32905.13574 34524.20143 35623.21545 35490.97842 36091.17473 36462.30305 31508.50014 30664.83850 30191.61807 28824.93879 27846.24059 27993.02390 27747.48540 40580.24419 40551.79027 40719.50946 40850.67433 39111.21001 41954.83986 42559.00046 43436.69593 44586.07027 45292.84481 45690.07352 46434.07828 46775.71561 21925.83443 47919.23902 17019.06291 50802.31199 54045.04409 54938.46390 57821.34040 61339.14664 65346.50598 68896.71563 71508.71900 74478.70454 76937.56354 77837.96783 80763.46357 81818.36554 84312.35256 90080.77008 93174.54534 97961.19859 100039.7216 105474.7782 105405.0321 106015.0035 106260.0756 107731.3056 111131.5530 114589.5823 130162.2922 131936.4829 173796.4618 199663.2104 2.479800101e-06 2.479800101e-06
      sorted:	 2.479800101e-06 2.479800101e-06 21.14690990 36.61761713 109.9986990 123.3070340 233.8643371 249.7157934 287.6437519 330.9662319 367.4673612 382.7491604 411.8278069 420.8718119 450.0723793 456.0967569 488.3419284 492.4600073 516.6046911 536.6296057 553.6977039 572.8559536 590.0506076 605.0898124 618.9816565 629.4503322 639.4799643 648.1427746 655.6644995 661.8061334 667.0871385 670.4083541 672.4003701 677.9909714 679.7325946 681.0218906 681.8928129 682.4864453 683.0935457 683.6333416 684.0609713 684.3906819 684.8275320 785.9165175 803.3924029 965.8914356 1019.026406 1069.065042 1172.661453 1200.892751 1232.181557 1332.595944 1406.164735 1458.938297 1498.978171 1533.064851 1672.701883 1728.985453 1859.297960 1902.062849 2029.364140 2030.997678 2119.834236 2153.736397 2308.807912 2496.093313 2558.791577 2791.785007 2840.235235 2928.508379 3020.559929 3064.390916 3164.149917 3410.873619 3466.999620 3523.145354 5518.007391 17019.06291 21925.83443 27747.48540 27846.24059 27993.02390 28824.93879 30191.61807 30664.83850 31508.50014 32905.13574 33216.13191 33418.21804 33660.22175 33807.14932 34524.20143 35490.97842 35623.21545 36091.17473 36462.30305 39111.21001 40551.79027 40580.24419 40719.50946 40850.67433 41954.83986 42559.00046 43436.69593 44586.07027 45292.84481 45690.07352 46434.07828 46775.71561 47919.23902 50802.31199 54045.04409 54938.46390 57821.34040 61339.14664 65346.50598 68896.71563 71508.71900 74478.70454 76937.56354 77837.96783 80763.46357 81818.36554 84312.35256 90080.77008 93174.54534 97961.19859 100039.7216 105405.0321 105474.7782 106015.0035 106260.0756 107731.3056 111131.5530 114589.5823 130162.2922 131936.4829 173796.4618 199663.2104
