    unsorted:	 656.9587713 656.5997791 661.4443276 661.6928323 666.6550653 665.0972247 648.8191195 651.9796525 647.1896425 671.2541412 636.2639770 640.4366153 633.0284375 626.1775732 628.2617219 621.8563991 617.1072078 616.2539812 614.9782308 613.4406565 610.7898154 674.0591205 674.8038727 677.4780998 678.4041438 598.9356630 594.1047238 585.0635027 581.2571702 573.8811501 564.8476093 561.5312009 547.5117311 551.4474879 540.0080793 526.7089791 525.5576904 519.2345262 511.0486258 713.7948914 482.0903017 474.1317898 470.2021825 467.2203788 444.4938386 425.8912739 411.9321830 403.3704875 379.2997556 354.7066887 833.1932146 307.3928030 286.7247388 236.4011634 203.3986102 148.2560628 128.9301277 45.34166725 1198.403550 1222.333285 1460.125596 1673.892730 1879.682829 2094.256134 2298.961673 2586.710404 2554.339290 2772.290941 2870.123444 2944.448950 3029.900223 3127.660571 3429.881440 3574.067495 6069.154254 27327.75649 27103.80343 27606.24128 26657.06784 24801.20354 24984.74818 25345.04522 28285.46514 29966.43723 31026.74274 32281.71880 32812.20238 32980.08021 21347.84066 20608.77127 18688.26364 35307.40444 35071.81165 36380.99005 36196.49464 36712.38899 37224.41917 38771.64957 40230.70620 44286.92728 43840.12420 43387.54599 44678.64407 45780.11741 47058.10836 51403.78349 50871.09379 53985.86407 55765.62501 56712.76962 57759.83670 59271.69657 67661.43378 68573.37563 72977.20269 72696.33478 76729.81712 79312.25491 86353.00337 87287.83603 89218.23225 97055.37652 105518.9745 105604.8817 105174.0941 104565.5177 106226.3861 101947.1854 113301.2067 120128.1512 133119.8082 149177.8976 151737.3655 181233.4730 184865.7141 274536.8031 748166.8410 2.479800101e-06 2.479800101e-06
      sorted:	 2.479800101e-06 2.479800101e-06 45.34166725 128.9301277 148.2560628 203.3986102 236.4011634 286.7247388 307.3928030 354.7066887 379.2997556 403.3704875 411.9321830 425.8912739 444.4938386 467.2203788 470.2021825 474.1317898 482.0903017 511.0486258 519.2345262 525.5576904 526.7089791 540.0080793 547.5117311 551.4474879 561.5312009 564.8476093 573.8811501 581.2571702 585.0635027 594.1047238 598.9356630 610.7898154 613.4406565 614.9782308 616.2539812 617.1072078 621.8563991 626.1775732 628.2617219 633.0284375 636.2639770 640.4366153 647.1896425 648.8191195 651.9796525 656.5997791 656.9587713 661.4443276 661.6928323 665.0972247 666.6550653 671.2541412 674.0591205 674.8038727 677.4780998 678.4041438 713.7948914 833.1932146 1198.403550 1222.333285 1460.125596 1673.892730 1879.682829 2094.256134 2298.961673 2554.339290 2586.710404 2772.290941 2870.123444 2944.448950 3029.900223 3127.660571 3429.881440 3574.067495 6069.154254 18688.26364 20608.77127 21347.84066 24801.20354 24984.74818 25345.04522 26657.06784 27103.80343 27327.75649 27606.24128 28285.46514 29966.43723 31026.74274 32281.71880 32812.20238 32980.08021 35071.81165 35307.40444 36196.49464 36380.99005 36712.38899 37224.41917 38771.64957 40230.70620 43387.54599 43840.12420 44286.92728 44678.64407 45780.11741 47058.10836 50871.09379 51403.78349 53985.86407 55765.62501 56712.76962 57759.83670 59271.69657 67661.43378 68573.37563 72696.33478 72977.20269 76729.81712 79312.25491 86353.00337 87287.83603 89218.23225 97055.37652 101947.1854 104565.5177 105174.0941 105518.9745 105604.8817 106226.3861 113301.2067 120128.1512 133119.8082 149177.8976 151737.3655 181233.4730 184865.7141 274536.8031 748166.8410
