    unsorted:	 679.3682699 678.1424233 680.6374877 681.7665853 682.6561231 682.9806727 683.3384426 676.2960748 673.5415864 669.8373314 665.9320798 658.4696760 658.2041813 650.9030557 642.2813182 698.1395526 632.2670237 622.3949294 620.8993855 611.2844978 598.5005096 582.3961020 560.4767184 544.8505001 751.7458882 531.2231007 519.6600670 770.9940654 496.8687973 477.9724622 458.5153780 429.0595129 396.1193788 861.2674393 363.6067425 907.5363463 925.6747059 953.6210641 309.6520165 300.6718821 267.6249326 1041.175551 199.2746118 159.4338902 133.9814790 120.3438964 52.50116290 67.14237128 1152.080567 1180.106050 1219.316364 24.50269377 2.974612254 1325.081915 1385.018756 1453.526320 1534.479502 1633.129813 1732.905418 1833.589115 1904.512491 1887.136948 2060.292380 2273.372131 2418.744900 2488.783660 2659.113771 2796.001181 2800.890591 2901.411199 2950.455887 3146.628991 3274.787049 3356.557033 3489.675017 34915.08292 35644.60174 35602.04114 36095.71979 36334.11168 34213.40732 33589.74345 33002.89605 32630.80587 32432.94069 38302.54154 31133.28651 29797.06843 29377.26161 40698.40786 40531.04504 40350.11313 39897.42528 41019.10114 41377.43572 42201.38236 27874.53064 27505.82839 27234.70396 43852.55626 45076.32873 45650.16814 24655.62350 46975.63016 47709.14500 18413.88995 49180.20865 14053.78619 53049.16150 55719.33840 59432.67605 61987.92736 65939.83964 66726.60339 70017.73936 71304.34184 72432.58565 76112.16752 77698.90734 80622.45760 84424.39916 86567.99838 89551.71601 97269.05082 105536.4573 105623.7854 106057.5013 106180.4992 106791.2271 99829.71452 107649.4539 113610.6969 118530.5594 127775.0042 132174.0555 175614.3047 279009.2453 2.479800101e-06 2.479800101e-06
      sorted:	 2.479800101e-06 2.479800101e-06 2.974612254 24.50269377 52.50116290 67.14237128 120.3438964 133.9814790 159.4338902 199.2746118 267.6249326 300.6718821 309.6520165 363.6067425 396.1193788 429.0595129 458.5153780 477.9724622 496.8687973 519.6600670 531.2231007 544.8505001 560.4767184 582.3961020 598.5005096 611.2844978 620.8993855 622.3949294 632.2670237 642.2813182 650.9030557 658.2041813 658.4696760 665.9320798 669.8373314 673.5415864 676.2960748 678.1424233 679.3682699 680.6374877 681.7665853 682.6561231 682.9806727 683.3384426 698.1395526 751.7458882 770.9940654 861.2674393 907.5363463 925.6747059 953.6210641 1041.175551 1152.080567 1180.106050 1219.316364 1325.081915 1385.018756 1453.526320 1534.479502 1633.129813 1732.905418 1833.589115 1887.136948 1904.512491 2060.292380 2273.372131 2418.744900 2488.783660 2659.113771 2796.001181 2800.890591 2901.411199 2950.455887 3146.628991 3274.787049 3356.557033 3489.675017 14053.78619 18413.88995 24655.62350 27234.70396 27505.82839 27874.53064 29377.26161 29797.06843 31133.28651 32432.94069 32630.80587 33002.89605 33589.74345 34213.40732 34915.08292 35602.04114 35644.60174 36095.71979 36334.11168 38302.54154 39897.42528 40350.11313 40531.04504 40698.40786 41019.10114 41377.43572 42201.38236 43852.55626 45076.32873 45650.16814 46975.63016 47709.14500 49180.20865 53049.16150 55719.33840 59432.67605 61987.92736 65939.83964 66726.60339 70017.73936 71304.34184 72432.58565 76112.16752 77698.90734 80622.45760 84424.39916 86567.99838 89551.71601 97269.05082 99829.71452 105536.4573 105623.7854 106057.5013 106180.4992 106791.2271 107649.4539 113610.6969 118530.5594 127775.0042 132174.0555 175614.3047 279009.2453
