    unsorted:	 687.4862455 687.0599616 686.6774786 686.3719976 686.1347725 687.9256776 688.5216365 689.3596535 689.9811874 690.4629030 684.1427549 683.2783174 695.0151198 703.5575266 670.2622095 713.5155589 725.3990511 739.7929453 757.2072392 778.0331873 804.2561013 831.1309790 847.4254111 859.6900629 620.6323738 887.4580398 903.4429788 916.0207897 944.8967999 974.2462676 575.8912623 1001.373271 1029.546036 1054.892623 1077.859211 520.7068821 458.6103425 1182.088868 383.7172396 1277.915115 1425.555557 1483.118584 1629.769765 1676.329997 1707.297381 1856.770002 1890.720849 1952.017959 2037.843882 2121.206605 2079.086974 2163.566227 2203.902891 93.26379380 58.13398772 2345.287164 2402.432273 2527.112220 2613.750472 2609.764172 2706.674845 2798.833188 2882.242256 2934.329448 2982.566088 3286.000900 3271.222017 3312.128686 3454.766671 3610.807213 3747.083911 3927.097113 4012.527992 4088.754508 7796.197118 37361.75035 37681.20811 37950.45209 36781.66189 36623.14383 35933.59008 35531.65494 35107.10119 34388.29071 34569.87597 33759.51431 33523.47126 39063.14712 41250.21756 41161.47209 40713.11839 41652.07150 42158.91989 42693.80004 43144.80634 44327.93134 44701.85917 45250.89054 45431.90497 29713.79533 30067.38486 28755.74246 46571.64409 47436.33546 47550.12087 48294.42677 18696.63298 51909.14393 54625.49318 58231.30437 59589.37282 60246.80172 62323.98006 64662.81384 66372.34017 72759.47277 75696.23671 80783.79906 82300.47045 82978.06275 87050.67577 88266.67226 92010.13890 93382.29655 97759.92953 99450.65807 104846.1714 105001.9361 104426.4755 105495.9667 106543.7260 109760.2645 117694.8606 123236.4185 132744.2310 142843.7270 181185.8193 2.479800101e-06 2.479800101e-06
      sorted:	 2.479800101e-06 2.479800101e-06 58.13398772 93.26379380 383.7172396 458.6103425 520.7068821 575.8912623 620.6323738 670.2622095 683.2783174 684.1427549 686.1347725 686.3719976 686.6774786 687.0599616 687.4862455 687.9256776 688.5216365 689.3596535 689.9811874 690.4629030 695.0151198 703.5575266 713.5155589 725.3990511 739.7929453 757.2072392 778.0331873 804.2561013 831.1309790 847.4254111 859.6900629 887.4580398 903.4429788 916.0207897 944.8967999 974.2462676 1001.373271 1029.546036 1054.892623 1077.859211 1182.088868 1277.915115 1425.555557 1483.118584 1629.769765 1676.329997 1707.297381 1856.770002 1890.720849 1952.017959 2037.843882 2079.086974 2121.206605 2163.566227 2203.902891 2345.287164 2402.432273 2527.112220 2609.764172 2613.750472 2706.674845 2798.833188 2882.242256 2934.329448 2982.566088 3271.222017 3286.000900 3312.128686 3454.766671 3610.807213 3747.083911 3927.097113 4012.527992 4088.754508 7796.197118 18696.63298 28755.74246 29713.79533 30067.38486 33523.47126 33759.51431 34388.29071 34569.87597 35107.10119 35531.65494 35933.59008 36623.14383 36781.66189 37361.75035 37681.20811 37950.45209 39063.14712 40713.11839 41161.47209 41250.21756 41652.07150 42158.91989 42693.80004 43144.80634 44327.93134 44701.85917 45250.89054 45431.90497 46571.64409 47436.33546 47550.12087 48294.42677 51909.14393 54625.49318 58231.30437 59589.37282 60246.80172 62323.98006 64662.81384 66372.34017 72759.47277 75696.23671 80783.79906 82300.47045 82978.06275 87050.67577 88266.67226 92010.13890 93382.29655 97759.92953 99450.65807 104426.4755 104846.1714 105001.9361 105495.9667 106543.7260 109760.2645 117694.8606 123236.4185 132744.2310 142843.7270 181185.8193
