    unsorted:	 675.0690835 690.0240322 689.1042685 688.4670548 688.0971455 687.5286690 687.0043189 691.0743040 692.3287879 693.9891373 696.1729445 698.4999175 717.0836575 747.8043024 634.1396545 776.1410983 808.7866351 846.8113792 890.6929204 575.6926260 941.2632508 996.1378975 1015.799805 1065.141556 1131.475751 490.2353051 1199.598914 1269.852083 1339.764548 1412.727377 1485.921248 1551.089083 1581.166001 1625.790955 1672.617747 1691.680003 1716.820850 1742.529046 434.1153369 1842.420829 1954.728379 1999.735398 2027.925441 2153.174623 2231.242169 2249.342199 2294.959796 2391.140247 2470.649594 2500.228194 2521.087428 2584.512330 2703.375802 2743.991504 2840.150437 1.870268931e-06 2928.488798 3038.459168 3096.344478 3163.128461 31.56268798 3279.673410 3404.502167 3450.890343 3535.613671 3859.360384 3999.041099 4133.220449 4178.928930 4253.346923 4554.379214 4674.351056 4852.806687 5043.483833 45708.23982 45775.57644 45610.87241 45191.65436 44778.64583 44045.80687 43864.95769 46824.44405 46694.52694 47266.16151 43236.38063 47883.91162 48411.35357 42119.31133 41666.88295 41162.71745 48682.55602 40393.79813 50070.44244 38711.31753 38233.79317 37276.84835 36807.61899 36419.81355 50767.09686 35211.04942 34139.79941 51909.23992 52166.34524 53368.46745 32257.33442 54174.88436 55832.88855 20401.85786 59159.29658 60928.28409 62761.07143 64781.29985 67077.70696 70944.88587 77693.12561 80619.47003 80648.33466 82837.15102 89417.90053 89864.15618 91962.49889 93862.56060 96396.70371 103414.8857 103029.0737 102554.9315 103979.3454 100825.1141 104639.1960 106776.2611 111203.2868 114972.6667 125154.8886 129467.3702 141034.2110 182602.2395 1541549.532 2.479800101e-06 2.479800101e-06
      sorted:	 1.870268931e-06 2.479800101e-06 2.479800101e-06 31.56268798 434.1153369 490.2353051 575.6926260 634.1396545 675.0690835 687.0043189 687.5286690 688.0971455 688.4670548 689.1042685 690.0240322 691.0743040 692.3287879 693.9891373 696.1729445 698.4999175 717.0836575 747.8043024 776.1410983 808.7866351 846.8113792 890.6929204 941.2632508 996.1378975 1015.799805 1065.141556 1131.475751 1199.598914 1269.852083 1339.764548 1412.727377 1485.921248 1551.089083 1581.166001 1625.790955 1672.617747 1691.680003 1716.820850 1742.529046 1842.420829 1954.728379 1999.735398 2027.925441 2153.174623 2231.242169 2249.342199 2294.959796 2391.140247 2470.649594 2500.228194 2521.087428 2584.512330 2703.375802 2743.991504 2840.150437 2928.488798 3038.459168 3096.344478 3163.128461 3279.673410 3404.502167 3450.890343 3535.613671 3859.360384 3999.041099 4133.220449 4178.928930 4253.346923 4554.379214 4674.351056 4852.806687 5043.483833 20401.85786 32257.33442 34139.79941 35211.04942 36419.81355 36807.61899 37276.84835 38233.79317 38711.31753 40393.79813 41162.71745 41666.88295 42119.31133 43236.38063 43864.95769 44045.80687 44778.64583 45191.65436 45610.87241 45708.23982 45775.57644 46694.52694 46824.44405 47266.16151 47883.91162 48411.35357 48682.55602 50070.44244 50767.09686 51909.23992 52166.34524 53368.46745 54174.88436 55832.88855 59159.29658 60928.28409 62761.07143 64781.29985 67077.70696 70944.88587 77693.12561 80619.47003 80648.33466 82837.15102 89417.90053 89864.15618 91962.49889 93862.56060 96396.70371 100825.1141 102554.9315 103029.0737 103414.8857 103979.3454 104639.1960 106776.2611 111203.2868 114972.6667 125154.8886 129467.3702 141034.2110 182602.2395 1541549.532
