    unsorted:	 5.431777490e-14 678.6926033 678.6926031 690.6311625 689.5670355 688.6767110 688.0892803 687.6725004 687.1246465 691.7929865 693.2170910 695.1646239 697.7347363 699.5149031 715.5300303 742.7787902 769.4906074 631.6748118 800.0342027 835.6982515 876.8264664 924.5028878 566.8280810 978.5282478 1040.117219 1104.060710 1169.756644 1238.149857 1306.545892 474.4759914 1377.640044 1422.698461 1457.568080 1523.357967 1540.974340 1592.303165 1644.397446 1675.825535 1699.621310 408.3013266 1777.144916 1840.355779 1943.591409 2095.511799 2127.128121 2166.748302 3.003956781e-05 2327.675481 2476.829283 2453.347534 2759.366683 2856.639932 2899.988440 2938.151732 35.93238610 3071.198652 3108.184126 3146.137162 3223.180129 3407.389657 3592.559732 3618.238441 3743.608282 3933.478157 4149.030400 4269.665611 4474.941456 4517.343989 4573.220731 4859.053738 5156.382893 5459.775181 5553.138016 6161.837379 6317.268390 51170.37290 51010.03933 50789.76494 51671.53022 49736.92453 49021.64320 48810.32919 48345.20301 47758.78840 47215.66197 47277.50103 46752.25970 46041.75437 45770.02220 44525.18463 44670.91453 53599.62027 54001.74564 54897.35484 55887.37647 55691.26765 56410.14264 57060.87314 57931.35041 41423.36706 60370.88489 61258.85905 61690.66827 62149.02226 62515.82855 63011.56275 63523.60281 66413.24075 66059.15255 68266.96365 68529.62951 70019.17133 30836.03628 72902.23308 75086.55802 80688.00151 81646.52588 83537.73492 90278.42592 89245.39376 92821.40638 94662.08022 96637.15257 97723.51532 103117.6695 103147.0936 103670.5295 103878.4253 103974.3075 101978.9603 106623.0811 111159.6231 117483.8513 125910.4675 132774.1685 144245.6755 190497.5168 2.479800101e-06 2.479800101e-06
      sorted:	 5.431777490e-14 2.479800101e-06 2.479800101e-06 3.003956781e-05 35.93238610 408.3013266 474.4759914 566.8280810 631.6748118 678.6926031 678.6926033 687.1246465 687.6725004 688.0892803 688.6767110 689.5670355 690.6311625 691.7929865 693.2170910 695.1646239 697.7347363 699.5149031 715.5300303 742.7787902 769.4906074 800.0342027 835.6982515 876.8264664 924.5028878 978.5282478 1040.117219 1104.060710 1169.756644 1238.149857 1306.545892 1377.640044 1422.698461 1457.568080 1523.357967 1540.974340 1592.303165 1644.397446 1675.825535 1699.621310 1777.144916 1840.355779 1943.591409 2095.511799 2127.128121 2166.748302 2327.675481 2453.347534 2476.829283 2759.366683 2856.639932 2899.988440 2938.151732 3071.198652 3108.184126 3146.137162 3223.180129 3407.389657 3592.559732 3618.238441 3743.608282 3933.478157 4149.030400 4269.665611 4474.941456 4517.343989 4573.220731 4859.053738 5156.382893 5459.775181 5553.138016 6161.837379 6317.268390 30836.03628 41423.36706 44525.18463 44670.91453 45770.02220 46041.75437 46752.25970 47215.66197 47277.50103 47758.78840 48345.20301 48810.32919 49021.64320 49736.92453 50789.76494 51010.03933 51170.37290 51671.53022 53599.62027 54001.74564 54897.35484 55691.26765 55887.37647 56410.14264 57060.87314 57931.35041 60370.88489 61258.85905 61690.66827 62149.02226 62515.82855 63011.56275 63523.60281 66059.15255 66413.24075 68266.96365 68529.62951 70019.17133 72902.23308 75086.55802 80688.00151 81646.52588 83537.73492 89245.39376 90278.42592 92821.40638 94662.08022 96637.15257 97723.51532 101978.9603 103117.6695 103147.0936 103670.5295 103878.4253 103974.3075 106623.0811 111159.6231 117483.8513 125910.4675 132774.1685 144245.6755 190497.5168
