    unsorted:	 597.6537747 598.3045760 604.4702786 601.8352374 595.6562527 609.6756950 613.5175524 618.9950082 627.4546348 628.3779029 633.9434897 643.1322975 642.6823599 640.3351802 585.6132028 653.6259282 660.3643842 664.5022959 669.0493326 668.4684264 673.0276813 676.1171225 678.4554182 678.1657054 581.0423361 572.3664325 568.0342243 557.8209570 538.6962867 719.8340138 514.3774384 502.2107593 495.9338245 475.5457727 471.3190936 445.0095499 756.3869164 424.3687373 413.5500404 385.5767525 367.5775001 362.9321783 358.6440572 340.8004449 330.0967660 302.1003561 261.8405457 254.8603469 252.0696051 231.8108571 210.3070297 212.3446978 865.9027671 105.2302610 101.1345604 997.7390885 11.81867100 1174.560190 1270.866830 1520.260574 1547.750150 1719.553848 1951.923563 2029.462167 2273.453454 2323.295480 2506.518822 2624.017190 2694.294545 2777.422522 2866.598071 3084.477861 3129.934560 3197.974578 3489.327166 36657.08266 37276.42926 37181.38093 36337.95176 35837.33985 35595.34289 37772.23060 34781.65730 33885.03627 32239.19471 30976.22346 30563.33698 30166.42309 29744.05409 29555.55112 38966.96035 27693.26534 27058.02755 25980.72166 25699.19129 40346.55402 40485.62742 23241.46235 21642.12674 21323.45597 42937.27404 43495.96810 14977.61564 45682.80712 46418.03546 48546.95404 49113.10673 49785.67660 52661.59825 52184.13341 59017.79813 57854.26123 63775.24044 64334.32002 66697.82522 69297.67780 75699.83393 78376.28904 79965.06770 86768.39229 85521.85807 91165.71273 105817.2740 105588.9360 106071.5102 105352.3480 106423.4493 106905.9743 102318.4866 111081.1581 113507.1250 128843.4248 138037.3695 160443.5309 182677.7853 254930.5786 571442.8112 2.479800101e-06 2.479800101e-06
      sorted:	 2.479800101e-06 2.479800101e-06 11.81867100 101.1345604 105.2302610 210.3070297 212.3446978 231.8108571 252.0696051 254.8603469 261.8405457 302.1003561 330.0967660 340.8004449 358.6440572 362.9321783 367.5775001 385.5767525 413.5500404 424.3687373 445.0095499 471.3190936 475.5457727 495.9338245 502.2107593 514.3774384 538.6962867 557.8209570 568.0342243 572.3664325 581.0423361 585.6132028 595.6562527 597.6537747 598.3045760 601.8352374 604.4702786 609.6756950 613.5175524 618.9950082 627.4546348 628.3779029 633.9434897 640.3351802 642.6823599 643.1322975 653.6259282 660.3643842 664.5022959 668.4684264 669.0493326 673.0276813 676.1171225 678.1657054 678.4554182 719.8340138 756.3869164 865.9027671 997.7390885 1174.560190 1270.866830 1520.260574 1547.750150 1719.553848 1951.923563 2029.462167 2273.453454 2323.295480 2506.518822 2624.017190 2694.294545 2777.422522 2866.598071 3084.477861 3129.934560 3197.974578 3489.327166 14977.61564 21323.45597 21642.12674 23241.46235 25699.19129 25980.72166 27058.02755 27693.26534 29555.55112 29744.05409 30166.42309 30563.33698 30976.22346 32239.19471 33885.03627 34781.65730 35595.34289 35837.33985 36337.95176 36657.08266 37181.38093 37276.42926 37772.23060 38966.96035 40346.55402 40485.62742 42937.27404 43495.96810 45682.80712 46418.03546 48546.95404 49113.10673 49785.67660 52184.13341 52661.59825 57854.26123 59017.79813 63775.24044 64334.32002 66697.82522 69297.67780 75699.83393 78376.28904 79965.06770 85521.85807 86768.39229 91165.71273 102318.4866 105352.3480 105588.9360 105817.2740 106071.5102 106423.4493 106905.9743 111081.1581 113507.1250 128843.4248 138037.3695 160443.5309 182677.7853 254930.5786 571442.8112
