    unsorted:	 677.9286229 689.7663104 688.8774839 688.1380033 687.6349160 687.2633476 686.8042264 690.7501555 691.9484048 693.5649249 695.6894367 697.8863940 711.0528693 736.7907273 759.4866986 786.3702887 629.0678772 818.3242900 855.7648275 899.5931289 578.6618257 949.5846606 1006.350012 1030.986639 1068.236819 1129.990237 1194.676215 1259.853105 487.5272910 1328.651199 1398.135760 1449.586156 1469.673856 1528.685540 1607.463051 1570.204430 1584.222372 1633.587730 1761.852559 423.5134177 1841.736872 1901.996344 1926.711980 1956.066388 2071.850510 2051.085357 2121.178260 2162.623256 2246.515406 2282.644849 2352.388235 2418.193901 2471.960059 2577.510365 2625.863171 9.361589982e-07 2813.462816 2894.029354 25.38611136 3059.603133 3223.469378 3229.337268 3362.114730 3400.999320 3524.081091 4143.401536 4093.401677 4234.040520 4304.769277 4494.836940 4745.566678 5035.151835 5166.942992 5710.629906 46574.71955 46421.57757 46737.68895 45641.45472 45027.05067 44755.98311 47450.99177 44169.37877 48341.53884 49367.06278 49681.42046 50222.82706 50932.05812 51044.84159 51128.59124 43157.43842 42351.23965 41871.66518 41566.89108 41402.29799 52330.91866 40474.70156 40556.38347 53339.08994 53631.22500 54506.24432 54779.26684 55129.05679 56211.44709 56501.44358 36930.78209 57857.62910 58637.09274 62199.32197 64006.63944 64434.98513 23175.59411 67181.00025 67784.99111 71213.25049 80685.53847 80651.33036 79101.91885 84357.71948 89149.39266 91292.66926 91966.60615 93626.12234 96407.07163 102917.7782 102384.2722 102130.7731 100884.7677 103707.6353 104236.4731 106065.2338 109917.3723 114322.8749 123276.3822 128101.3720 135326.3792 170886.2206 335625.6800 2.479800101e-06 2.479800101e-06
      sorted:	 9.361589982e-07 2.479800101e-06 2.479800101e-06 25.38611136 423.5134177 487.5272910 578.6618257 629.0678772 677.9286229 686.8042264 687.2633476 687.6349160 688.1380033 688.8774839 689.7663104 690.7501555 691.9484048 693.5649249 695.6894367 697.8863940 711.0528693 736.7907273 759.4866986 786.3702887 818.3242900 855.7648275 899.5931289 949.5846606 1006.350012 1030.986639 1068.236819 1129.990237 1194.676215 1259.853105 1328.651199 1398.135760 1449.586156 1469.673856 1528.685540 1570.204430 1584.222372 1607.463051 1633.587730 1761.852559 1841.736872 1901.996344 1926.711980 1956.066388 2051.085357 2071.850510 2121.178260 2162.623256 2246.515406 2282.644849 2352.388235 2418.193901 2471.960059 2577.510365 2625.863171 2813.462816 2894.029354 3059.603133 3223.469378 3229.337268 3362.114730 3400.999320 3524.081091 4093.401677 4143.401536 4234.040520 4304.769277 4494.836940 4745.566678 5035.151835 5166.942992 5710.629906 23175.59411 36930.78209 40474.70156 40556.38347 41402.29799 41566.89108 41871.66518 42351.23965 43157.43842 44169.37877 44755.98311 45027.05067 45641.45472 46421.57757 46574.71955 46737.68895 47450.99177 48341.53884 49367.06278 49681.42046 50222.82706 50932.05812 51044.84159 51128.59124 52330.91866 53339.08994 53631.22500 54506.24432 54779.26684 55129.05679 56211.44709 56501.44358 57857.62910 58637.09274 62199.32197 64006.63944 64434.98513 67181.00025 67784.99111 71213.25049 79101.91885 80651.33036 80685.53847 84357.71948 89149.39266 91292.66926 91966.60615 93626.12234 96407.07163 100884.7677 102130.7731 102384.2722 102917.7782 103707.6353 104236.4731 106065.2338 109917.3723 114322.8749 123276.3822 128101.3720 135326.3792 170886.2206 335625.6800
