    unsorted:	 675.2763320 677.7140617 679.6167435 680.3017138 681.0657497 672.5301760 669.9923754 666.0460841 661.2128686 658.7211603 650.7133979 689.2648196 692.7773651 643.6371983 633.9031390 630.7994600 624.3555880 614.5834380 602.8289995 599.9563091 588.6713053 577.9463455 568.7138141 547.2259635 538.9857929 521.6396149 745.1330153 758.2592458 503.9636901 472.6518819 439.1318333 450.1133390 809.6833729 403.2562229 382.6665681 359.5786845 347.9493378 325.3979330 868.0480724 307.4924134 902.0653193 280.3623477 271.1460313 933.6362078 201.3832029 141.9225416 126.6946300 54.78356407 29.71822881 51.00489046 21.75086919 13.68111296 11.38925715 1087.529489 1200.220616 1299.741283 1341.904013 1417.705269 1497.207442 1550.592345 1718.618441 1769.927821 1833.228055 1924.893592 2357.335558 2476.953055 2666.924999 2717.829468 2782.453740 2802.153003 2882.568621 3076.405867 3170.721309 3234.136005 3361.348723 36229.38818 36292.06924 35915.94654 35496.28634 35188.82502 33822.36028 33528.18517 32337.83713 32020.60672 31723.59056 31155.10218 37909.05337 38696.50189 39239.60811 39711.27906 40140.76471 40426.17806 40606.80022 41299.24999 42020.87585 28570.17377 27597.37078 26904.25433 26584.01785 26002.32071 25081.95934 24618.96569 43856.75243 44811.29656 21546.56638 46604.31719 47547.66476 49100.90890 57461.76825 60271.24157 63004.81628 64947.78916 66646.91362 67127.56064 68478.38668 71526.13708 72709.30454 80422.92186 81254.05758 84455.91400 86511.34934 92007.89267 94734.44626 105691.2255 105626.1093 105817.8139 105936.1691 106272.7808 106864.5438 97534.22523 103429.9326 113313.1496 126653.6402 133390.5991 150505.9388 178737.8843 371704.5627 2.479800101e-06 2.479800101e-06
      sorted:	 2.479800101e-06 2.479800101e-06 11.38925715 13.68111296 21.75086919 29.71822881 51.00489046 54.78356407 126.6946300 141.9225416 201.3832029 271.1460313 280.3623477 307.4924134 325.3979330 347.9493378 359.5786845 382.6665681 403.2562229 439.1318333 450.1133390 472.6518819 503.9636901 521.6396149 538.9857929 547.2259635 568.7138141 577.9463455 588.6713053 599.9563091 602.8289995 614.5834380 624.3555880 630.7994600 633.9031390 643.6371983 650.7133979 658.7211603 661.2128686 666.0460841 669.9923754 672.5301760 675.2763320 677.7140617 679.6167435 680.3017138 681.0657497 689.2648196 692.7773651 745.1330153 758.2592458 809.6833729 868.0480724 902.0653193 933.6362078 1087.529489 1200.220616 1299.741283 1341.904013 1417.705269 1497.207442 1550.592345 1718.618441 1769.927821 1833.228055 1924.893592 2357.335558 2476.953055 2666.924999 2717.829468 2782.453740 2802.153003 2882.568621 3076.405867 3170.721309 3234.136005 3361.348723 21546.56638 24618.96569 25081.95934 26002.32071 26584.01785 26904.25433 27597.37078 28570.17377 31155.10218 31723.59056 32020.60672 32337.83713 33528.18517 33822.36028 35188.82502 35496.28634 35915.94654 36229.38818 36292.06924 37909.05337 38696.50189 39239.60811 39711.27906 40140.76471 40426.17806 40606.80022 41299.24999 42020.87585 43856.75243 44811.29656 46604.31719 47547.66476 49100.90890 57461.76825 60271.24157 63004.81628 64947.78916 66646.91362 67127.56064 68478.38668 71526.13708 72709.30454 80422.92186 81254.05758 84455.91400 86511.34934 92007.89267 94734.44626 97534.22523 103429.9326 105626.1093 105691.2255 105817.8139 105936.1691 106272.7808 106864.5438 113313.1496 126653.6402 133390.5991 150505.9388 178737.8843 371704.5627
