    unsorted:	 682.9948864 683.4945626 683.9386630 684.2909677 684.5629836 682.5066267 685.2058380 681.7953861 680.7440831 679.3271132 673.5912989 672.0613892 668.1963330 663.2066958 657.3847618 650.2433414 641.8831550 632.0017118 621.5433361 608.1990035 594.5975285 593.6302808 577.4695791 573.2878433 557.7081340 539.6095067 518.7673867 489.6022410 803.5548234 452.4431659 409.0449687 417.1657475 368.7835464 353.3424694 897.3644825 282.6389820 257.0113611 1064.760931 198.0310460 1128.618000 1146.924022 125.9920605 114.3639701 104.9572942 99.75258827 1283.902074 1328.733780 1340.677503 40.28120535 1413.272580 1489.254558 1564.216136 1587.808030 1613.906570 1778.705033 1833.212543 1945.755211 1968.374110 2101.812281 2140.841431 2221.983723 2276.089443 2408.151841 2532.381746 2638.802961 2854.667925 2886.025124 2982.431013 3077.202906 3130.907662 3245.770948 3480.013737 3550.591081 3600.042319 7064.656022 33882.79081 33839.44132 33790.13390 35304.78874 35253.80467 35130.69756 35931.13926 36223.03379 36572.17095 33048.59028 31942.16825 31806.45745 30942.92908 40815.17195 40839.91206 40625.20197 41093.09488 39990.03060 39258.76127 42488.78970 42677.80031 29053.80302 28361.77030 28155.46859 27912.28836 43818.50670 44969.77702 45766.32932 46435.97537 47521.48697 47980.43999 18757.58952 49280.89748 53834.88168 53466.46765 55152.21841 58721.74294 60638.15344 61357.82357 65858.68197 73365.48698 74179.01286 76389.28420 79248.44828 79647.56122 80806.23296 83661.78233 85180.36026 91879.08146 94607.29520 98273.69042 101155.0164 105353.1152 105288.2862 105904.5887 106268.3236 107878.9166 115188.9442 124650.9374 133146.0941 139590.0296 174106.6780 2.479800101e-06 2.479800101e-06
      sorted:	 2.479800101e-06 2.479800101e-06 40.28120535 99.75258827 104.9572942 114.3639701 125.9920605 198.0310460 257.0113611 282.6389820 353.3424694 368.7835464 409.0449687 417.1657475 452.4431659 489.6022410 518.7673867 539.6095067 557.7081340 573.2878433 577.4695791 593.6302808 594.5975285 608.1990035 621.5433361 632.0017118 641.8831550 650.2433414 657.3847618 663.2066958 668.1963330 672.0613892 673.5912989 679.3271132 680.7440831 681.7953861 682.5066267 682.9948864 683.4945626 683.9386630 684.2909677 684.5629836 685.2058380 803.5548234 897.3644825 1064.760931 1128.618000 1146.924022 1283.902074 1328.733780 1340.677503 1413.272580 1489.254558 1564.216136 1587.808030 1613.906570 1778.705033 1833.212543 1945.755211 1968.374110 2101.812281 2140.841431 2221.983723 2276.089443 2408.151841 2532.381746 2638.802961 2854.667925 2886.025124 2982.431013 3077.202906 3130.907662 3245.770948 3480.013737 3550.591081 3600.042319 7064.656022 18757.58952 27912.28836 28155.46859 28361.77030 29053.80302 30942.92908 31806.45745 31942.16825 33048.59028 33790.13390 33839.44132 33882.79081 35130.69756 35253.80467 35304.78874 35931.13926 36223.03379 36572.17095 39258.76127 39990.03060 40625.20197 40815.17195 40839.91206 41093.09488 42488.78970 42677.80031 43818.50670 44969.77702 45766.32932 46435.97537 47521.48697 47980.43999 49280.89748 53466.46765 53834.88168 55152.21841 58721.74294 60638.15344 61357.82357 65858.68197 73365.48698 74179.01286 76389.28420 79248.44828 79647.56122 80806.23296 83661.78233 85180.36026 91879.08146 94607.29520 98273.69042 101155.0164 105288.2862 105353.1152 105904.5887 106268.3236 107878.9166 115188.9442 124650.9374 133146.0941 139590.0296 174106.6780
