    unsorted:	 684.9235889 688.0220820 687.4212069 686.9401163 686.5614662 688.7127251 689.4145918 690.3303864 691.6357101 693.1421694 694.0034833 697.4260622 677.2617909 705.9055871 714.0693330 724.0151752 736.5990899 752.0869693 771.0960960 794.2545599 632.3573944 822.3255796 854.1597033 889.8404648 878.9135184 905.4263092 929.5496696 973.9195669 970.6546313 962.0522758 1020.824658 1034.622168 1072.178334 1099.183306 1113.950701 1131.422038 1149.989939 1169.378876 1197.812182 1193.945686 1214.840815 564.7370013 1282.021596 1300.341874 1355.826679 491.8417605 1389.532776 1427.878393 412.4442166 1514.471337 1559.594685 1641.142800 1778.291109 1806.829020 1.331443240e-07 1932.696840 93.90127950 2015.885181 2198.393153 2453.646392 2631.679052 2778.470828 2811.449631 3280.109532 3379.148858 3798.005376 3903.580652 4142.397562 4358.368971 4813.047940 4889.523115 5334.647543 5705.617260 6668.588244 65129.59327 65311.31423 65724.77231 66141.11881 67070.21892 67552.26149 63825.02838 63030.19445 61910.26119 60593.57422 60711.44283 60236.64796 68728.83896 70049.53199 70263.11835 70464.14215 71445.81967 71855.74181 72747.15986 72555.57316 73097.89070 58744.67179 59016.82781 58566.45838 58003.12065 74743.97038 75828.83433 75402.82102 75557.39592 76554.28690 77205.37541 77847.03824 78375.08883 56256.48097 54370.46660 53373.83506 52975.23300 80795.32104 81787.44371 81954.34136 85277.15344 89161.97562 90093.97716 93275.16652 94349.43338 95987.75062 33044.28265 98136.99294 99945.77494 100406.1825 101364.0200 102119.3048 102518.5662 103403.9531 103498.0950 106247.0795 110691.5178 117579.6767 132376.7845 139969.5467 149545.4926 180124.2231 7959990.018 2.479800101e-06 2.479800101e-06
      sorted:	 1.331443240e-07 2.479800101e-06 2.479800101e-06 93.90127950 412.4442166 491.8417605 564.7370013 632.3573944 677.2617909 684.9235889 686.5614662 686.9401163 687.4212069 688.0220820 688.7127251 689.4145918 690.3303864 691.6357101 693.1421694 694.0034833 697.4260622 705.9055871 714.0693330 724.0151752 736.5990899 752.0869693 771.0960960 794.2545599 822.3255796 854.1597033 878.9135184 889.8404648 905.4263092 929.5496696 962.0522758 970.6546313 973.9195669 1020.824658 1034.622168 1072.178334 1099.183306 1113.950701 1131.422038 1149.989939 1169.378876 1193.945686 1197.812182 1214.840815 1282.021596 1300.341874 1355.826679 1389.532776 1427.878393 1514.471337 1559.594685 1641.142800 1778.291109 1806.829020 1932.696840 2015.885181 2198.393153 2453.646392 2631.679052 2778.470828 2811.449631 3280.109532 3379.148858 3798.005376 3903.580652 4142.397562 4358.368971 4813.047940 4889.523115 5334.647543 5705.617260 6668.588244 33044.28265 52975.23300 53373.83506 54370.46660 56256.48097 58003.12065 58566.45838 58744.67179 59016.82781 60236.64796 60593.57422 60711.44283 61910.26119 63030.19445 63825.02838 65129.59327 65311.31423 65724.77231 66141.11881 67070.21892 67552.26149 68728.83896 70049.53199 70263.11835 70464.14215 71445.81967 71855.74181 72555.57316 72747.15986 73097.89070 74743.97038 75402.82102 75557.39592 75828.83433 76554.28690 77205.37541 77847.03824 78375.08883 80795.32104 81787.44371 81954.34136 85277.15344 89161.97562 90093.97716 93275.16652 94349.43338 95987.75062 98136.99294 99945.77494 100406.1825 101364.0200 102119.3048 102518.5662 103403.9531 103498.0950 106247.0795 110691.5178 117579.6767 132376.7845 139969.5467 149545.4926 180124.2231 7959990.018
