    unsorted:	 671.0627843 671.0627850 691.1703381 691.3677246 690.0136722 688.9876209 688.1632601 692.7210187 687.4969852 694.2595595 696.1677004 698.7750223 702.0836219 653.9700430 743.5430224 785.6427838 828.2976097 875.3698079 927.6461799 563.5413278 985.8896916 1051.419217 1123.110837 7.121339422e-13 484.2810551 2.311517248e-05 1202.703487 431.5936850 1283.610000 1365.181507 1447.999753 1526.448920 1578.265151 1629.350589 1709.005975 1882.455574 1789.110454 1861.350788 1934.827115 1981.293830 2005.162849 2065.326889 2166.954579 2243.697423 2349.382677 2466.687934 2503.604612 18.49688083 2622.629636 2802.993445 2876.029472 2941.303300 3148.575963 3200.536113 3264.135953 3292.168862 3398.344252 3476.724454 3503.654826 3583.384529 3709.619691 3915.969710 3964.479922 4089.534509 4259.829964 4331.046952 4573.991983 4637.330914 4671.968078 4772.556985 5151.316800 5215.867169 5515.738159 5886.825300 6271.513935 44521.41069 44581.16730 44480.90772 46062.73498 45877.24481 46776.39114 47761.08355 48428.96225 48984.82270 49316.63139 49459.74247 49823.87291 50237.29327 50540.24838 43133.11092 41783.26598 41281.66756 40692.41877 51539.57566 39838.67373 39763.00853 53203.40179 53565.18933 53943.65367 38705.49482 55145.84905 55440.88527 55789.53122 57076.45115 57527.04799 58408.84262 35597.45134 59589.47229 61440.51593 24637.96102 64101.90552 66379.32794 69109.98184 69889.26684 73792.49722 80519.59939 80891.94859 83743.71230 85855.97599 91921.55791 91757.61608 93878.93464 96010.10830 98176.51270 103869.5338 103775.2359 104100.6896 104366.7051 103120.3986 102082.6942 107569.0527 111848.6128 115909.8749 127873.6824 129613.0651 145232.2393 200201.2051 2.479800101e-06 2.479800101e-06
      sorted:	 7.121339422e-13 2.479800101e-06 2.479800101e-06 2.311517248e-05 18.49688083 431.5936850 484.2810551 563.5413278 653.9700430 671.0627843 671.0627850 687.4969852 688.1632601 688.9876209 690.0136722 691.1703381 691.3677246 692.7210187 694.2595595 696.1677004 698.7750223 702.0836219 743.5430224 785.6427838 828.2976097 875.3698079 927.6461799 985.8896916 1051.419217 1123.110837 1202.703487 1283.610000 1365.181507 1447.999753 1526.448920 1578.265151 1629.350589 1709.005975 1789.110454 1861.350788 1882.455574 1934.827115 1981.293830 2005.162849 2065.326889 2166.954579 2243.697423 2349.382677 2466.687934 2503.604612 2622.629636 2802.993445 2876.029472 2941.303300 3148.575963 3200.536113 3264.135953 3292.168862 3398.344252 3476.724454 3503.654826 3583.384529 3709.619691 3915.969710 3964.479922 4089.534509 4259.829964 4331.046952 4573.991983 4637.330914 4671.968078 4772.556985 5151.316800 5215.867169 5515.738159 5886.825300 6271.513935 24637.96102 35597.45134 38705.49482 39763.00853 39838.67373 40692.41877 41281.66756 41783.26598 43133.11092 44480.90772 44521.41069 44581.16730 45877.24481 46062.73498 46776.39114 47761.08355 48428.96225 48984.82270 49316.63139 49459.74247 49823.87291 50237.29327 50540.24838 51539.57566 53203.40179 53565.18933 53943.65367 55145.84905 55440.88527 55789.53122 57076.45115 57527.04799 58408.84262 59589.47229 61440.51593 64101.90552 66379.32794 69109.98184 69889.26684 73792.49722 80519.59939 80891.94859 83743.71230 85855.97599 91757.61608 91921.55791 93878.93464 96010.10830 98176.51270 102082.6942 103120.3986 103775.2359 103869.5338 104100.6896 104366.7051 107569.0527 111848.6128 115909.8749 127873.6824 129613.0651 145232.2393 200201.2051
