    unsorted:	 592.9476224 594.1229405 591.2545853 597.2324897 586.0733815 582.0593162 578.5942039 575.9001584 573.1084945 606.0563463 624.1770803 622.2551860 615.4013330 628.8908430 635.9475279 637.4430652 644.8641672 645.2053845 649.8165016 656.1199635 565.6662636 663.3325467 667.8772999 668.9969780 671.0612576 674.1288327 678.9804407 676.8565321 679.0923706 680.5943130 559.9663973 683.2863022 552.7243100 547.5594629 536.5822366 526.1477124 510.8850310 498.1028407 483.5382542 470.8909474 726.6697129 450.4452591 448.4309814 442.0691319 422.7010147 416.6275179 404.7984939 381.8677944 363.8503341 292.4696178 263.1978516 258.5642752 239.7990344 210.4062322 997.0844020 87.83816865 1053.143404 92.41358710 25.43762134 1267.248236 1409.834057 1426.656926 1674.530966 2103.875323 2300.664884 2486.200251 2564.181582 2837.663575 2830.524851 2775.368605 2912.691026 3051.961477 3321.424318 3246.514613 3339.406068 36013.46035 35856.44979 36181.34866 35624.80231 36677.77650 36857.30840 35007.77977 32615.69744 32905.34690 33534.21735 31678.33415 31417.08851 37568.24242 29703.53181 29363.44373 27617.15863 27071.53669 26113.51654 26179.23342 25167.82162 24623.48376 24318.54161 39163.54058 39769.80071 41057.33765 21874.61337 42225.10856 43588.98217 16244.95107 45927.43618 48272.66570 49277.21594 50823.40555 51653.03507 53170.40964 54912.49116 56087.52941 62092.25800 66890.55055 69821.68434 75442.11257 78167.37240 79824.05873 83947.88280 87837.95923 89755.75087 97413.58071 105739.0080 105825.2114 105474.5600 105107.2357 106344.3752 100550.8004 112317.2791 116434.7295 130911.9914 135598.1183 163265.5832 181118.9200 214078.2990 256977.2021 521123.1807 2.479800101e-06 2.479800101e-06
      sorted:	 2.479800101e-06 2.479800101e-06 25.43762134 87.83816865 92.41358710 210.4062322 239.7990344 258.5642752 263.1978516 292.4696178 363.8503341 381.8677944 404.7984939 416.6275179 422.7010147 442.0691319 448.4309814 450.4452591 470.8909474 483.5382542 498.1028407 510.8850310 526.1477124 536.5822366 547.5594629 552.7243100 559.9663973 565.6662636 573.1084945 575.9001584 578.5942039 582.0593162 586.0733815 591.2545853 592.9476224 594.1229405 597.2324897 606.0563463 615.4013330 622.2551860 624.1770803 628.8908430 635.9475279 637.4430652 644.8641672 645.2053845 649.8165016 656.1199635 663.3325467 667.8772999 668.9969780 671.0612576 674.1288327 676.8565321 678.9804407 679.0923706 680.5943130 683.2863022 726.6697129 997.0844020 1053.143404 1267.248236 1409.834057 1426.656926 1674.530966 2103.875323 2300.664884 2486.200251 2564.181582 2775.368605 2830.524851 2837.663575 2912.691026 3051.961477 3246.514613 3321.424318 3339.406068 16244.95107 21874.61337 24318.54161 24623.48376 25167.82162 26113.51654 26179.23342 27071.53669 27617.15863 29363.44373 29703.53181 31417.08851 31678.33415 32615.69744 32905.34690 33534.21735 35007.77977 35624.80231 35856.44979 36013.46035 36181.34866 36677.77650 36857.30840 37568.24242 39163.54058 39769.80071 41057.33765 42225.10856 43588.98217 45927.43618 48272.66570 49277.21594 50823.40555 51653.03507 53170.40964 54912.49116 56087.52941 62092.25800 66890.55055 69821.68434 75442.11257 78167.37240 79824.05873 83947.88280 87837.95923 89755.75087 97413.58071 100550.8004 105107.2357 105474.5600 105739.0080 105825.2114 106344.3752 112317.2791 116434.7295 130911.9914 135598.1183 163265.5832 181118.9200 214078.2990 256977.2021 521123.1807
