    unsorted:	 0.000000000 704.4895040 707.9464631 700.9932072 697.9202150 695.3941456 711.6824883 693.2735010 716.8740378 689.9920863 720.5692490 730.5632962 524.5076694 524.5059101 792.7294382 510.2121037 902.3494560 478.0477416 1173.093004 1430.293419 1433.680541 1521.333206 1726.046422 1767.414266 1931.176154 1943.492854 1853.257998 2125.966144 2128.561756 2308.473818 2399.181653 2481.892614 2457.825337 2533.714493 2650.834712 2818.802354 2838.008643 2851.206233 2985.147525 3149.313477 3135.957008 3310.639170 3468.696639 3694.863709 3626.431518 3655.821592 3580.143743 3773.830022 3893.532636 3906.034563 3954.331685 4051.462104 4163.155804 4243.490940 4283.880666 4403.840440 4520.593566 4703.933317 4706.899243 4674.685273 4623.416454 4728.385589 4746.427014 4835.458231 4926.690575 5069.602965 56.21790664 5573.183056 5918.906242 6392.554166 7122.161555 7409.291667 9069.409872 16190.01239 37115.57880 37630.55481 36505.06627 39090.80873 40053.14523 40171.87171 35116.50749 41603.47551 32973.11103 32243.71487 43990.36285 44782.81503 45751.79026 46078.64873 30465.25281 28696.73998 47656.19199 49688.58001 51370.41345 51104.13396 52730.45043 53206.18191 53880.45911 54164.91778 54978.74101 56190.33536 56631.76350 23466.82538 59141.84764 59350.82437 62001.88269 63121.34065 64087.05865 66390.09223 68264.01444 69212.27812 71218.91420 77470.31410 78414.48533 81374.61760 83376.15979 86756.66127 90999.68670 95475.40715 97021.66153 101016.1999 100854.0165 98886.23432 103126.9909 103361.9652 103644.6419 104302.5782 104525.5081 105032.5236 107044.9387 115895.0272 128620.3799 137307.1184 150475.8877 170270.6598 244680.3158 7886906037. -7886858380. 2.479800101e-06 2.479800101e-06
      sorted:	 -7886858380. 0.000000000 2.479800101e-06 2.479800101e-06 56.21790664 478.0477416 510.2121037 524.5059101 524.5076694 689.9920863 693.2735010 695.3941456 697.9202150 700.9932072 704.4895040 707.9464631 711.6824883 716.8740378 720.5692490 730.5632962 792.7294382 902.3494560 1173.093004 1430.293419 1433.680541 1521.333206 1726.046422 1767.414266 1853.257998 1931.176154 1943.492854 2125.966144 2128.561756 2308.473818 2399.181653 2457.825337 2481.892614 2533.714493 2650.834712 2818.802354 2838.008643 2851.206233 2985.147525 3135.957008 3149.313477 3310.639170 3468.696639 3580.143743 3626.431518 3655.821592 3694.863709 3773.830022 3893.532636 3906.034563 3954.331685 4051.462104 4163.155804 4243.490940 4283.880666 4403.840440 4520.593566 4623.416454 4674.685273 4703.933317 4706.899243 4728.385589 4746.427014 4835.458231 4926.690575 5069.602965 5573.183056 5918.906242 6392.554166 7122.161555 7409.291667 9069.409872 16190.01239 23466.82538 28696.73998 30465.25281 32243.71487 32973.11103 35116.50749 36505.06627 37115.57880 37630.55481 39090.80873 40053.14523 40171.87171 41603.47551 43990.36285 44782.81503 45751.79026 46078.64873 47656.19199 49688.58001 51104.13396 51370.41345 52730.45043 53206.18191 53880.45911 54164.91778 54978.74101 56190.33536 56631.76350 59141.84764 59350.82437 62001.88269 63121.34065 64087.05865 66390.09223 68264.01444 69212.27812 71218.91420 77470.31410 78414.48533 81374.61760 83376.15979 86756.66127 90999.68670 95475.40715 97021.66153 98886.23432 100854.0165 101016.1999 103126.9909 103361.9652 103644.6419 104302.5782 104525.5081 105032.5236 107044.9387 115895.0272 128620.3799 137307.1184 150475.8877 170270.6598 244680.3158 7886906037.
