    unsorted:	 682.9377418 683.5485733 683.8571459 682.1425921 681.1346866 680.0015333 678.9091258 677.2729899 674.8320042 671.5265406 666.2479643 660.9411868 658.7179862 651.1884865 695.1508473 642.5127120 632.4039843 621.8476575 610.9172680 596.1088455 577.4256871 550.6135192 761.5874660 529.4038560 508.9236497 489.4944410 474.6556990 453.6302657 432.9031786 389.9931463 826.1698594 371.1779981 361.8168216 876.1866901 319.3235996 286.6673120 264.8479461 248.1782419 964.1889254 209.4874070 1014.774579 1043.237170 1079.795212 161.0292370 118.2744868 94.42149908 30.54534232 32.02828450 7.833271277 1177.185492 1288.170169 1311.231747 1343.811093 1427.008953 1519.523472 1577.915483 1714.818428 1743.473862 1875.136634 1887.079107 1960.585656 1984.435355 2169.308970 2423.958280 2454.703414 2608.091689 2744.656120 2848.300748 2897.711613 2945.252156 2995.120797 3207.976588 3327.704608 3419.315853 3596.284872 33314.03038 33554.56107 33750.22029 32914.67888 32723.29343 35308.38769 35551.17648 36100.17703 36370.88990 31311.74019 30020.85296 29456.20541 40660.29217 40776.92647 40476.43351 40263.82000 40082.66989 38443.67285 41564.55013 41902.56877 42409.25345 28036.53919 27625.05357 27493.66218 25897.96009 44490.40478 45413.55953 45864.13617 46783.07063 47294.96682 47558.92228 23513.18419 18482.45236 53038.53582 54456.49301 54992.29251 55845.69630 62370.60861 66521.27317 68649.77261 70566.89702 74081.30160 74420.60838 77793.19692 79600.84034 80705.65532 84803.60349 88396.90108 92435.98066 98573.24343 99924.54932 105552.6832 105463.1469 106086.5130 106198.2738 107470.5715 113354.2939 116340.1044 129220.5134 131506.5723 174765.5756 259721.2110 2.479800101e-06 2.479800101e-06
      sorted:	 2.479800101e-06 2.479800101e-06 7.833271277 30.54534232 32.02828450 94.42149908 118.2744868 161.0292370 209.4874070 248.1782419 264.8479461 286.6673120 319.3235996 361.8168216 371.1779981 389.9931463 432.9031786 453.6302657 474.6556990 489.4944410 508.9236497 529.4038560 550.6135192 577.4256871 596.1088455 610.9172680 621.8476575 632.4039843 642.5127120 651.1884865 658.7179862 660.9411868 666.2479643 671.5265406 674.8320042 677.2729899 678.9091258 680.0015333 681.1346866 682.1425921 682.9377418 683.5485733 683.8571459 695.1508473 761.5874660 826.1698594 876.1866901 964.1889254 1014.774579 1043.237170 1079.795212 1177.185492 1288.170169 1311.231747 1343.811093 1427.008953 1519.523472 1577.915483 1714.818428 1743.473862 1875.136634 1887.079107 1960.585656 1984.435355 2169.308970 2423.958280 2454.703414 2608.091689 2744.656120 2848.300748 2897.711613 2945.252156 2995.120797 3207.976588 3327.704608 3419.315853 3596.284872 18482.45236 23513.18419 25897.96009 27493.66218 27625.05357 28036.53919 29456.20541 30020.85296 31311.74019 32723.29343 32914.67888 33314.03038 33554.56107 33750.22029 35308.38769 35551.17648 36100.17703 36370.88990 38443.67285 40082.66989 40263.82000 40476.43351 40660.29217 40776.92647 41564.55013 41902.56877 42409.25345 44490.40478 45413.55953 45864.13617 46783.07063 47294.96682 47558.92228 53038.53582 54456.49301 54992.29251 55845.69630 62370.60861 66521.27317 68649.77261 70566.89702 74081.30160 74420.60838 77793.19692 79600.84034 80705.65532 84803.60349 88396.90108 92435.98066 98573.24343 99924.54932 105463.1469 105552.6832 106086.5130 106198.2738 107470.5715 113354.2939 116340.1044 129220.5134 131506.5723 174765.5756 259721.2110
