    unsorted:	 682.9492977 682.9492997 683.1140421 681.6152256 682.4081808 683.6717085 684.1002710 680.8303042 679.6604310 677.9236529 675.5586441 670.5636099 666.2092856 665.8272824 660.9606212 655.4258185 648.7570474 641.3108658 632.5119105 623.8422177 613.6839036 605.3222311 597.9770987 596.0795831 590.0193811 582.9753317 566.4517530 561.1487118 533.2337373 513.7333029 771.0036215 489.2662784 803.7526705 471.3971687 439.0254816 400.4061501 897.6442901 348.0405716 339.7376460 926.6644886 288.0101325 192.0321791 -9.716896476e-06 -0.009505402980 134.0370041 58.45809803 42.92168225 1170.582942 1220.389705 1280.139578 1363.382027 1427.910768 1559.567028 1582.532411 1701.927021 1715.881395 1743.788770 1958.125841 1969.913207 2030.097384 2103.803871 2195.613196 2336.274532 2421.101035 2505.427501 2560.698071 2657.761735 2688.804269 2874.372150 2888.172232 3053.095883 3129.132942 3189.446011 3213.594688 3934.610187 35567.19902 35590.84429 35445.09331 35263.44730 35946.03153 36924.28264 36416.89365 37915.35471 32480.26677 32677.70033 32018.36531 31460.64927 38413.62039 39028.46722 29217.50783 27884.04195 27820.91869 27684.88713 28330.85658 26590.88908 40019.40038 39984.55882 25608.97462 41465.89540 42510.20365 43447.96458 22541.44983 44724.86046 45927.38164 18349.68558 47205.43181 48786.73556 49666.12647 51784.14425 55053.73854 56064.33200 61278.94899 64465.12866 66231.73429 68717.66484 69531.55211 71036.34115 73729.69915 74809.41523 80543.64738 82747.54373 86275.32500 91171.70065 95060.43348 96468.68463 105755.9651 105707.7746 106130.7424 106361.8664 105383.5261 107289.7115 112387.3162 122750.6854 133470.9806 174969.1723 196063.7000 338580.2173 2.479800101e-06 2.479800101e-06
      sorted:	 -0.009505402980 -9.716896476e-06 2.479800101e-06 2.479800101e-06 42.92168225 58.45809803 134.0370041 192.0321791 288.0101325 339.7376460 348.0405716 400.4061501 439.0254816 471.3971687 489.2662784 513.7333029 533.2337373 561.1487118 566.4517530 582.9753317 590.0193811 596.0795831 597.9770987 605.3222311 613.6839036 623.8422177 632.5119105 641.3108658 648.7570474 655.4258185 660.9606212 665.8272824 666.2092856 670.5636099 675.5586441 677.9236529 679.6604310 680.8303042 681.6152256 682.4081808 682.9492977 682.9492997 683.1140421 683.6717085 684.1002710 771.0036215 803.7526705 897.6442901 926.6644886 1170.582942 1220.389705 1280.139578 1363.382027 1427.910768 1559.567028 1582.532411 1701.927021 1715.881395 1743.788770 1958.125841 1969.913207 2030.097384 2103.803871 2195.613196 2336.274532 2421.101035 2505.427501 2560.698071 2657.761735 2688.804269 2874.372150 2888.172232 3053.095883 3129.132942 3189.446011 3213.594688 3934.610187 18349.68558 22541.44983 25608.97462 26590.88908 27684.88713 27820.91869 27884.04195 28330.85658 29217.50783 31460.64927 32018.36531 32480.26677 32677.70033 35263.44730 35445.09331 35567.19902 35590.84429 35946.03153 36416.89365 36924.28264 37915.35471 38413.62039 39028.46722 39984.55882 40019.40038 41465.89540 42510.20365 43447.96458 44724.86046 45927.38164 47205.43181 48786.73556 49666.12647 51784.14425 55053.73854 56064.33200 61278.94899 64465.12866 66231.73429 68717.66484 69531.55211 71036.34115 73729.69915 74809.41523 80543.64738 82747.54373 86275.32500 91171.70065 95060.43348 96468.68463 105383.5261 105707.7746 105755.9651 106130.7424 106361.8664 107289.7115 112387.3162 122750.6854 133470.9806 174969.1723 196063.7000 338580.2173
