    unsorted:	 344.7284566 344.7284566 344.7284567 722.6094988 728.6877950 729.7481499 715.9430092 715.1858893 710.0354109 735.1195837 705.0725276 738.8516657 700.8951246 693.5397855 752.7940007 768.7292667 842.8949441 344.3478290 336.3145002 498.8781805 474.6262985 448.6422005 390.9764774 982.6687088 288.5285912 244.8949551 233.7895450 1023.904816 1131.168810 1191.355321 1261.874175 -2.284033543e-07 53.99422563 1320.004203 48.14208776 1387.905380 1522.911418 1667.103567 1830.781950 2180.502288 2275.538998 2315.078304 2531.319154 2566.070221 2669.171685 2880.721542 3084.280444 3420.397413 3680.500778 3908.360114 4123.457474 4329.555801 4530.534684 4724.726666 4912.416922 5089.631840 5184.702966 5287.990768 5454.934734 5619.067049 5779.424985 5928.773175 6067.029468 6186.617621 6219.381490 6287.159488 6334.145417 6555.824459 6709.601470 8015.628471 8327.503016 9193.190802 9648.912905 11298.97937 12769.96176 16063.52670 23029.74143 30055.48116 35962.04314 36158.69989 39233.18582 42313.06773 44291.36055 46753.81624 46429.06090 47708.15057 50664.34344 49492.04671 51583.23854 54427.72134 55353.90593 55797.85428 56903.75406 56966.72106 56507.92026 57763.96128 59648.00530 59989.56806 62165.38519 63191.51776 64924.79333 65557.11370 66254.17028 67239.47015 68143.43470 70859.23013 73384.10900 75162.91596 74635.78620 76128.17028 78626.05635 82520.96162 85011.85652 85521.03065 87953.53239 93345.13157 102482.2891 102531.0790 102330.6001 101306.2758 103015.0951 100112.7635 98302.72896 97642.56617 96729.34823 104621.2429 104892.3384 105920.0039 108449.4925 108344.6894 117169.0524 136911.3450 143973.5343 148094.6786 181111.7343 280747.4910 22016360.09 2.479800101e-06 2.479800101e-06
      sorted:	 -2.284033543e-07 2.479800101e-06 2.479800101e-06 48.14208776 53.99422563 233.7895450 244.8949551 288.5285912 336.3145002 344.3478290 344.7284566 344.7284566 344.7284567 390.9764774 448.6422005 474.6262985 498.8781805 693.5397855 700.8951246 705.0725276 710.0354109 715.1858893 715.9430092 722.6094988 728.6877950 729.7481499 735.1195837 738.8516657 752.7940007 768.7292667 842.8949441 982.6687088 1023.904816 1131.168810 1191.355321 1261.874175 1320.004203 1387.905380 1522.911418 1667.103567 1830.781950 2180.502288 2275.538998 2315.078304 2531.319154 2566.070221 2669.171685 2880.721542 3084.280444 3420.397413 3680.500778 3908.360114 4123.457474 4329.555801 4530.534684 4724.726666 4912.416922 5089.631840 5184.702966 5287.990768 5454.934734 5619.067049 5779.424985 5928.773175 6067.029468 6186.617621 6219.381490 6287.159488 6334.145417 6555.824459 6709.601470 8015.628471 8327.503016 9193.190802 9648.912905 11298.97937 12769.96176 16063.52670 23029.74143 30055.48116 35962.04314 36158.69989 39233.18582 42313.06773 44291.36055 46429.06090 46753.81624 47708.15057 49492.04671 50664.34344 51583.23854 54427.72134 55353.90593 55797.85428 56507.92026 56903.75406 56966.72106 57763.96128 59648.00530 59989.56806 62165.38519 63191.51776 64924.79333 65557.11370 66254.17028 67239.47015 68143.43470 70859.23013 73384.10900 74635.78620 75162.91596 76128.17028 78626.05635 82520.96162 85011.85652 85521.03065 87953.53239 93345.13157 96729.34823 97642.56617 98302.72896 100112.7635 101306.2758 102330.6001 102482.2891 102531.0790 103015.0951 104621.2429 104892.3384 105920.0039 108344.6894 108449.4925 117169.0524 136911.3450 143973.5343 148094.6786 181111.7343 280747.4910 22016360.09
