    unsorted:	 637.0746393 636.5203940 630.9284079 629.6799410 625.9945327 646.1134598 646.5370295 652.0487006 656.1537157 662.4435171 666.3161543 670.4164902 671.5176780 674.0774686 676.9036044 679.0444262 679.9421743 618.5619661 611.4999871 605.0645622 600.7331530 593.7531897 582.4392403 574.7609327 572.6763323 570.7967619 560.3452137 561.6811915 543.0915174 531.2789923 525.4731257 515.5320691 509.7078939 502.2264386 498.0504338 493.7876614 479.5873726 478.1586330 474.0416371 458.3169567 720.4073869 445.2795062 436.4034142 423.1348572 417.0801464 398.3240801 385.6501541 378.1859499 355.1165817 338.1873046 300.2440451 285.8046928 283.0439857 864.0444779 195.5683905 937.0275417 164.0627138 119.0635110 108.3677159 43.49037042 1173.318060 1428.550349 1708.494432 2193.115114 2373.456336 2541.477447 2773.621138 2841.083707 2922.885085 3025.744819 3082.304579 3341.542913 3416.757001 3650.415357 4702.629937 25080.29136 24915.96101 25380.24224 25764.86095 24494.99036 26346.31252 28417.59359 23335.37230 27952.13837 21823.89509 30669.06036 30690.05492 30216.64119 32920.88037 20908.59005 34592.96600 33787.38230 34271.10072 34809.35595 34949.36243 35418.30333 37490.04098 15735.21274 39348.77855 39761.47319 43070.88254 44868.56934 44419.86479 45297.68410 46657.70886 48964.90216 49466.90649 51715.99945 52336.70640 53456.81083 54076.23712 56706.32335 58198.57307 70359.02832 72592.82383 74254.24866 79578.95205 82774.31795 87330.04990 89279.67789 94050.90648 92513.43938 105503.7635 105625.8530 105259.1568 104703.8414 106209.0011 107805.5906 112184.3833 113987.3292 129284.2612 143216.5098 156725.9280 180319.8171 185781.2868 237251.5956 657141.7840 2.479800101e-06 2.479800101e-06
      sorted:	 2.479800101e-06 2.479800101e-06 43.49037042 108.3677159 119.0635110 164.0627138 195.5683905 283.0439857 285.8046928 300.2440451 338.1873046 355.1165817 378.1859499 385.6501541 398.3240801 417.0801464 423.1348572 436.4034142 445.2795062 458.3169567 474.0416371 478.1586330 479.5873726 493.7876614 498.0504338 502.2264386 509.7078939 515.5320691 525.4731257 531.2789923 543.0915174 560.3452137 561.6811915 570.7967619 572.6763323 574.7609327 582.4392403 593.7531897 600.7331530 605.0645622 611.4999871 618.5619661 625.9945327 629.6799410 630.9284079 636.5203940 637.0746393 646.1134598 646.5370295 652.0487006 656.1537157 662.4435171 666.3161543 670.4164902 671.5176780 674.0774686 676.9036044 679.0444262 679.9421743 720.4073869 864.0444779 937.0275417 1173.318060 1428.550349 1708.494432 2193.115114 2373.456336 2541.477447 2773.621138 2841.083707 2922.885085 3025.744819 3082.304579 3341.542913 3416.757001 3650.415357 4702.629937 15735.21274 20908.59005 21823.89509 23335.37230 24494.99036 24915.96101 25080.29136 25380.24224 25764.86095 26346.31252 27952.13837 28417.59359 30216.64119 30669.06036 30690.05492 32920.88037 33787.38230 34271.10072 34592.96600 34809.35595 34949.36243 35418.30333 37490.04098 39348.77855 39761.47319 43070.88254 44419.86479 44868.56934 45297.68410 46657.70886 48964.90216 49466.90649 51715.99945 52336.70640 53456.81083 54076.23712 56706.32335 58198.57307 70359.02832 72592.82383 74254.24866 79578.95205 82774.31795 87330.04990 89279.67789 92513.43938 94050.90648 104703.8414 105259.1568 105503.7635 105625.8530 106209.0011 107805.5906 112184.3833 113987.3292 129284.2612 143216.5098 156725.9280 180319.8171 185781.2868 237251.5956 657141.7840
