    unsorted:	 577.0445213 577.9482945 574.1619336 572.3299386 586.1994659 588.3435246 567.1290907 592.9811709 559.7730962 554.1636142 607.2639714 609.1490497 616.6457784 624.2848507 632.3101792 637.0901376 646.0582433 649.2398424 654.5846530 655.2680760 659.7467208 665.3258560 664.0346983 670.2582640 669.3864841 674.0598308 675.0526320 676.9279986 680.7455927 540.6204536 535.3895914 527.0706739 527.9262019 523.0609505 507.2322670 502.3798367 495.6325286 489.8505620 476.7837441 470.8398768 460.6952181 462.9435298 713.1659780 438.4209548 430.5301116 410.0040506 399.8846478 393.5542415 358.8626763 346.0679329 791.8064559 302.0726675 293.7044947 240.2573542 196.0910649 130.0672026 154.7201096 127.7607861 994.2480609 66.71147016 1370.897235 1381.076869 1608.974186 2042.521704 2241.144448 2418.341453 2700.033415 2672.186838 2761.230847 2925.792076 3091.449506 3109.497100 3493.451633 3556.054504 4514.393440 12150.54024 20525.55403 21329.85369 21931.83490 22562.92653 19523.37793 24159.28397 24544.97286 25085.79024 25894.01558 27270.01040 16033.64909 30053.34653 30605.82983 31935.01706 32099.03072 32762.12222 33237.42296 34951.97376 34614.63286 37769.61656 38714.12316 39535.08801 40317.30733 40821.93162 42127.60851 44211.97084 44431.26067 45727.98608 45941.10895 47049.35727 47375.66570 48530.87429 49550.20275 50882.67591 53281.48583 53673.52328 54245.73391 65855.33498 71027.88719 75413.94433 77230.86377 79290.10301 86068.93030 86837.72002 105236.0434 104963.1060 105362.6918 104255.9421 106127.3152 93736.54305 99682.13301 113137.4490 116010.5648 120312.2594 131540.5273 149322.5902 168966.2757 175371.0506 184846.2641 250740.1867 658348.9578 2.479800101e-06 2.479800101e-06
      sorted:	 2.479800101e-06 2.479800101e-06 66.71147016 127.7607861 130.0672026 154.7201096 196.0910649 240.2573542 293.7044947 302.0726675 346.0679329 358.8626763 393.5542415 399.8846478 410.0040506 430.5301116 438.4209548 460.6952181 462.9435298 470.8398768 476.7837441 489.8505620 495.6325286 502.3798367 507.2322670 523.0609505 527.0706739 527.9262019 535.3895914 540.6204536 554.1636142 559.7730962 567.1290907 572.3299386 574.1619336 577.0445213 577.9482945 586.1994659 588.3435246 592.9811709 607.2639714 609.1490497 616.6457784 624.2848507 632.3101792 637.0901376 646.0582433 649.2398424 654.5846530 655.2680760 659.7467208 664.0346983 665.3258560 669.3864841 670.2582640 674.0598308 675.0526320 676.9279986 680.7455927 713.1659780 791.8064559 994.2480609 1370.897235 1381.076869 1608.974186 2042.521704 2241.144448 2418.341453 2672.186838 2700.033415 2761.230847 2925.792076 3091.449506 3109.497100 3493.451633 3556.054504 4514.393440 12150.54024 16033.64909 19523.37793 20525.55403 21329.85369 21931.83490 22562.92653 24159.28397 24544.97286 25085.79024 25894.01558 27270.01040 30053.34653 30605.82983 31935.01706 32099.03072 32762.12222 33237.42296 34614.63286 34951.97376 37769.61656 38714.12316 39535.08801 40317.30733 40821.93162 42127.60851 44211.97084 44431.26067 45727.98608 45941.10895 47049.35727 47375.66570 48530.87429 49550.20275 50882.67591 53281.48583 53673.52328 54245.73391 65855.33498 71027.88719 75413.94433 77230.86377 79290.10301 86068.93030 86837.72002 93736.54305 99682.13301 104255.9421 104963.1060 105236.0434 105362.6918 106127.3152 113137.4490 116010.5648 120312.2594 131540.5273 149322.5902 168966.2757 175371.0506 184846.2641 250740.1867 658348.9578
