    unsorted:	 688.5950425 687.3677354 687.9425285 686.9066778 686.5499671 689.2696196 690.1517579 691.3904270 685.0819439 693.0136530 693.5534880 680.8060177 702.7447748 718.6216315 735.7981171 655.1489743 756.2681256 780.7063219 809.6014928 844.0906641 882.8340399 926.1495259 593.8961748 942.8561330 971.7941323 564.5948442 1017.822013 1064.637640 1111.901315 1140.685622 1169.031495 1212.814641 1255.276818 1291.252218 1323.101051 1351.060305 473.6913508 1416.011961 419.2262661 1527.651842 1540.027767 1693.542633 1764.440967 1864.382352 1901.393250 2034.256569 2074.740874 2175.339006 2230.634771 2253.327553 2303.546878 2343.713436 2365.626507 2535.262233 2599.268109 2696.627540 2732.081570 2844.756550 2885.583172 97.54589562 55.18979147 2979.627815 3012.198796 3102.690545 3146.290512 3422.441400 3486.831944 3582.837638 3644.524680 3810.822216 3974.281399 4137.973796 4245.688993 4303.226109 8278.692951 38123.56032 37938.65229 38310.68448 37318.68164 37456.04323 38754.95688 39612.77890 41243.37219 41596.58528 41942.66279 42296.38025 42614.72194 43200.25996 43459.49633 43762.76200 35716.29632 34999.05074 34396.75982 34584.54786 34170.35833 44862.11143 45369.04974 45871.64969 46201.69819 30468.43732 30969.15422 29290.87732 48283.77787 48512.42793 48763.10653 49666.90244 51761.29998 18962.01108 54789.13912 58168.63014 60707.79806 61296.09385 62807.55161 64705.67759 67236.15051 75639.86350 76876.41777 80728.02948 82222.23467 85618.86542 89025.63967 90618.94964 91922.46535 93915.46772 99120.14587 100758.8688 104507.4649 104611.0416 104810.6010 105280.4097 106762.0837 110757.0479 116649.6745 124929.2801 132131.6539 143758.3512 186535.0652 2.479800101e-06 2.479800101e-06
      sorted:	 2.479800101e-06 2.479800101e-06 55.18979147 97.54589562 419.2262661 473.6913508 564.5948442 593.8961748 655.1489743 680.8060177 685.0819439 686.5499671 686.9066778 687.3677354 687.9425285 688.5950425 689.2696196 690.1517579 691.3904270 693.0136530 693.5534880 702.7447748 718.6216315 735.7981171 756.2681256 780.7063219 809.6014928 844.0906641 882.8340399 926.1495259 942.8561330 971.7941323 1017.822013 1064.637640 1111.901315 1140.685622 1169.031495 1212.814641 1255.276818 1291.252218 1323.101051 1351.060305 1416.011961 1527.651842 1540.027767 1693.542633 1764.440967 1864.382352 1901.393250 2034.256569 2074.740874 2175.339006 2230.634771 2253.327553 2303.546878 2343.713436 2365.626507 2535.262233 2599.268109 2696.627540 2732.081570 2844.756550 2885.583172 2979.627815 3012.198796 3102.690545 3146.290512 3422.441400 3486.831944 3582.837638 3644.524680 3810.822216 3974.281399 4137.973796 4245.688993 4303.226109 8278.692951 18962.01108 29290.87732 30468.43732 30969.15422 34170.35833 34396.75982 34584.54786 34999.05074 35716.29632 37318.68164 37456.04323 37938.65229 38123.56032 38310.68448 38754.95688 39612.77890 41243.37219 41596.58528 41942.66279 42296.38025 42614.72194 43200.25996 43459.49633 43762.76200 44862.11143 45369.04974 45871.64969 46201.69819 48283.77787 48512.42793 48763.10653 49666.90244 51761.29998 54789.13912 58168.63014 60707.79806 61296.09385 62807.55161 64705.67759 67236.15051 75639.86350 76876.41777 80728.02948 82222.23467 85618.86542 89025.63967 90618.94964 91922.46535 93915.46772 99120.14587 100758.8688 104507.4649 104611.0416 104810.6010 105280.4097 106762.0837 110757.0479 116649.6745 124929.2801 132131.6539 143758.3512 186535.0652
