    unsorted:	 657.8639783 658.8176551 653.9953314 650.0691019 648.8331406 662.3472158 664.4992985 668.0105715 671.7498506 641.5575580 638.1569924 636.5189006 632.6109654 628.5251891 673.6675836 675.0748114 677.6476068 678.8444138 679.5987858 625.7244332 619.6079229 615.1636228 611.3520088 607.1901283 602.7944966 597.8493540 594.4389451 591.3166600 582.6479644 582.8532478 581.1321235 579.9093130 572.9736198 563.0099194 555.4850841 542.5764637 536.4979663 721.9839549 522.3350011 518.2292695 515.7990630 477.7052908 453.7323883 431.2189331 421.0593002 410.1043683 385.0122928 366.1640791 897.6650406 298.5128383 274.1031688 265.8902961 958.2092612 221.9744217 217.3413386 154.5377271 105.3572129 27.71174854 1279.556060 1377.886657 1518.401374 1734.996758 1926.671877 2102.140339 2279.376895 2473.823314 2559.803906 2763.365626 2842.262097 2914.930164 2955.304143 3116.418837 3290.513818 3355.753065 6060.966391 25351.67592 25229.84450 25608.39505 27598.58609 27193.61757 28133.77451 28659.18007 30061.63753 30328.12518 23568.69234 32214.09024 32576.22628 33854.58793 34195.84008 36145.62148 36244.29799 35988.22778 35647.75597 36617.39238 21759.25759 20929.46215 37686.45090 39153.84722 40471.35701 43628.29799 44105.01888 45061.62945 45431.29006 47920.82023 49886.66216 53504.37900 53795.88973 52270.50998 54339.34221 55071.39251 57255.05222 60504.53302 67496.19591 69027.99838 68688.87070 71864.91159 75192.27119 79612.90473 81108.17491 86880.19799 89069.78691 91481.66389 105728.5900 105788.3919 105412.2703 104962.9841 106334.2839 98786.71589 113034.3400 113463.1952 120478.4105 140674.0828 143501.8399 171037.0007 182408.2776 270345.4534 735060.5096 2.479800101e-06 2.479800101e-06
      sorted:	 2.479800101e-06 2.479800101e-06 27.71174854 105.3572129 154.5377271 217.3413386 221.9744217 265.8902961 274.1031688 298.5128383 366.1640791 385.0122928 410.1043683 421.0593002 431.2189331 453.7323883 477.7052908 515.7990630 518.2292695 522.3350011 536.4979663 542.5764637 555.4850841 563.0099194 572.9736198 579.9093130 581.1321235 582.6479644 582.8532478 591.3166600 594.4389451 597.8493540 602.7944966 607.1901283 611.3520088 615.1636228 619.6079229 625.7244332 628.5251891 632.6109654 636.5189006 638.1569924 641.5575580 648.8331406 650.0691019 653.9953314 657.8639783 658.8176551 662.3472158 664.4992985 668.0105715 671.7498506 673.6675836 675.0748114 677.6476068 678.8444138 679.5987858 721.9839549 897.6650406 958.2092612 1279.556060 1377.886657 1518.401374 1734.996758 1926.671877 2102.140339 2279.376895 2473.823314 2559.803906 2763.365626 2842.262097 2914.930164 2955.304143 3116.418837 3290.513818 3355.753065 6060.966391 20929.46215 21759.25759 23568.69234 25229.84450 25351.67592 25608.39505 27193.61757 27598.58609 28133.77451 28659.18007 30061.63753 30328.12518 32214.09024 32576.22628 33854.58793 34195.84008 35647.75597 35988.22778 36145.62148 36244.29799 36617.39238 37686.45090 39153.84722 40471.35701 43628.29799 44105.01888 45061.62945 45431.29006 47920.82023 49886.66216 52270.50998 53504.37900 53795.88973 54339.34221 55071.39251 57255.05222 60504.53302 67496.19591 68688.87070 69027.99838 71864.91159 75192.27119 79612.90473 81108.17491 86880.19799 89069.78691 91481.66389 98786.71589 104962.9841 105412.2703 105728.5900 105788.3919 106334.2839 113034.3400 113463.1952 120478.4105 140674.0828 143501.8399 171037.0007 182408.2776 270345.4534 735060.5096
