    unsorted:	 680.7156022 680.5635118 681.8876608 679.1793031 677.2164624 675.0078723 672.9392974 671.4513229 669.6637047 666.3556194 664.4844939 659.7339506 657.1451126 649.4465841 640.4489183 640.7621321 631.2356080 621.8687461 613.9973776 604.3108870 603.3679701 697.0399747 592.4574933 589.6463971 577.1689520 571.2605558 569.7564517 556.8463369 547.4093530 741.8121216 744.4875930 521.6413804 513.3417438 488.3486788 470.5943677 462.6069467 449.8383352 428.7527630 789.8450733 409.6411624 411.1361518 383.5506343 873.9526720 325.7035119 912.8685432 290.0009856 270.3319078 1052.887180 168.2909534 124.5925473 141.1070780 74.43101826 1183.352438 37.14708248 16.07064471 1311.982102 1366.049046 1386.387276 1502.183807 1705.905845 1754.159441 1802.220667 1878.460864 2018.649346 2405.158341 2344.589961 2450.834252 2644.009118 2702.352635 2777.130069 2873.498819 3062.767400 3152.028101 3214.311306 3347.262690 31593.17377 31560.99441 30938.47433 32154.02327 29977.57401 33565.83167 35897.92914 35503.62526 36200.73328 37136.15485 37753.37903 38096.64911 38879.52719 39077.37925 39586.03893 40189.17302 40501.50549 41444.93308 28296.08203 41896.91407 27251.14421 26494.36557 26026.31902 25199.37128 24624.27913 23434.97317 43438.98222 44243.33478 19266.10475 18001.84045 46542.75543 47664.98273 49355.83755 56617.05939 59127.94878 61641.50964 63981.18714 65707.38296 66842.92035 69064.22924 71902.72765 76029.30025 80306.57008 80718.51763 83888.75052 90511.29441 105717.6269 105689.6684 105888.2549 106281.9891 94081.05120 106977.6023 102546.0307 100468.2224 108777.2607 112248.9911 117230.3658 129060.1356 150261.4948 177496.5808 204162.2847 410898.1689 2.479800101e-06 2.479800101e-06
      sorted:	 2.479800101e-06 2.479800101e-06 16.07064471 37.14708248 74.43101826 124.5925473 141.1070780 168.2909534 270.3319078 290.0009856 325.7035119 383.5506343 409.6411624 411.1361518 428.7527630 449.8383352 462.6069467 470.5943677 488.3486788 513.3417438 521.6413804 547.4093530 556.8463369 569.7564517 571.2605558 577.1689520 589.6463971 592.4574933 603.3679701 604.3108870 613.9973776 621.8687461 631.2356080 640.4489183 640.7621321 649.4465841 657.1451126 659.7339506 664.4844939 666.3556194 669.6637047 671.4513229 672.9392974 675.0078723 677.2164624 679.1793031 680.5635118 680.7156022 681.8876608 697.0399747 741.8121216 744.4875930 789.8450733 873.9526720 912.8685432 1052.887180 1183.352438 1311.982102 1366.049046 1386.387276 1502.183807 1705.905845 1754.159441 1802.220667 1878.460864 2018.649346 2344.589961 2405.158341 2450.834252 2644.009118 2702.352635 2777.130069 2873.498819 3062.767400 3152.028101 3214.311306 3347.262690 18001.84045 19266.10475 23434.97317 24624.27913 25199.37128 26026.31902 26494.36557 27251.14421 28296.08203 29977.57401 30938.47433 31560.99441 31593.17377 32154.02327 33565.83167 35503.62526 35897.92914 36200.73328 37136.15485 37753.37903 38096.64911 38879.52719 39077.37925 39586.03893 40189.17302 40501.50549 41444.93308 41896.91407 43438.98222 44243.33478 46542.75543 47664.98273 49355.83755 56617.05939 59127.94878 61641.50964 63981.18714 65707.38296 66842.92035 69064.22924 71902.72765 76029.30025 80306.57008 80718.51763 83888.75052 90511.29441 94081.05120 100468.2224 102546.0307 105689.6684 105717.6269 105888.2549 106281.9891 106977.6023 108777.2607 112248.9911 117230.3658 129060.1356 150261.4948 177496.5808 204162.2847 410898.1689
