    unsorted:	 679.1964184 679.4378268 680.7527235 677.1502432 674.5127743 674.6015463 671.5653091 669.9460877 668.6564907 664.3350993 683.7147768 657.8528439 656.1881215 647.9869970 644.3045784 636.6543640 634.4293950 627.3972010 625.3642333 619.0852541 610.6332289 603.9551438 600.6491415 598.4920672 589.2164458 587.4966458 577.6105431 575.0741690 569.8428213 552.2674694 541.9425270 528.2266162 725.5799991 509.3480806 494.9593698 479.8790628 487.2981471 451.6770928 427.9038261 426.2502153 429.4530998 437.4836338 410.1935529 392.0399200 380.0577637 823.2515086 334.4198944 294.5146864 900.3144931 224.5782634 1018.299785 122.0535060 107.1120979 53.76712058 1135.636478 4.482228848 1228.116874 1326.230454 1398.857885 1639.301270 1677.583946 1746.911381 1860.328938 2009.678816 2305.530047 2357.019519 2471.533792 2612.852668 2672.796088 2745.905095 2874.743089 3062.405848 3125.548715 3180.098227 3347.905816 35684.07262 35452.68877 36148.71526 36931.03113 37180.55145 37720.59612 38856.87362 38554.24326 39324.23661 33884.37143 32955.83715 31645.19751 31204.79519 40144.84382 30318.89035 29498.81299 41545.98280 41721.72624 42650.64560 26795.22868 27331.26417 26368.60378 26092.43723 25432.31296 44066.24648 22651.38616 21444.55883 20662.87393 45502.55170 47695.99925 48354.68082 13587.30268 50549.11350 50938.78581 54502.07805 58741.65771 60089.02356 61520.15605 64262.68609 66374.24083 68566.49131 74655.08024 75933.79260 80123.80994 79818.37038 85800.89690 91990.61028 105669.8730 105891.2885 105539.2765 106228.9230 106677.0066 104624.3795 95305.85956 112451.7943 117290.8066 123100.8257 152858.3294 174533.0506 180481.8136 235885.0296 559418.9046 2.479800101e-06 2.479800101e-06
      sorted:	 2.479800101e-06 2.479800101e-06 4.482228848 53.76712058 107.1120979 122.0535060 224.5782634 294.5146864 334.4198944 380.0577637 392.0399200 410.1935529 426.2502153 427.9038261 429.4530998 437.4836338 451.6770928 479.8790628 487.2981471 494.9593698 509.3480806 528.2266162 541.9425270 552.2674694 569.8428213 575.0741690 577.6105431 587.4966458 589.2164458 598.4920672 600.6491415 603.9551438 610.6332289 619.0852541 625.3642333 627.3972010 634.4293950 636.6543640 644.3045784 647.9869970 656.1881215 657.8528439 664.3350993 668.6564907 669.9460877 671.5653091 674.5127743 674.6015463 677.1502432 679.1964184 679.4378268 680.7527235 683.7147768 725.5799991 823.2515086 900.3144931 1018.299785 1135.636478 1228.116874 1326.230454 1398.857885 1639.301270 1677.583946 1746.911381 1860.328938 2009.678816 2305.530047 2357.019519 2471.533792 2612.852668 2672.796088 2745.905095 2874.743089 3062.405848 3125.548715 3180.098227 3347.905816 13587.30268 20662.87393 21444.55883 22651.38616 25432.31296 26092.43723 26368.60378 26795.22868 27331.26417 29498.81299 30318.89035 31204.79519 31645.19751 32955.83715 33884.37143 35452.68877 35684.07262 36148.71526 36931.03113 37180.55145 37720.59612 38554.24326 38856.87362 39324.23661 40144.84382 41545.98280 41721.72624 42650.64560 44066.24648 45502.55170 47695.99925 48354.68082 50549.11350 50938.78581 54502.07805 58741.65771 60089.02356 61520.15605 64262.68609 66374.24083 68566.49131 74655.08024 75933.79260 79818.37038 80123.80994 85800.89690 91990.61028 95305.85956 104624.3795 105539.2765 105669.8730 105891.2885 106228.9230 106677.0066 112451.7943 117290.8066 123100.8257 152858.3294 174533.0506 180481.8136 235885.0296 559418.9046
