    unsorted:	 251.8551096 251.8551096 251.8551096 736.4860309 729.4300558 721.7681740 715.0611225 709.5324270 743.9154626 704.9092598 700.6565224 749.6450023 765.1380434 782.5800307 639.1022193 627.1080829 824.6677890 579.3794437 472.3255098 466.4748458 492.7913725 453.3505874 395.6945460 908.7657184 250.4770852 1024.419191 1099.507138 201.8367994 -6.591227262e-07 1301.332657 1463.906518 1565.334674 1647.718837 1706.171938 1780.335216 46.34473746 1890.560299 2293.670952 2485.595830 2776.422790 2909.465971 2950.602609 3067.943213 3146.387446 3178.289068 3366.003577 3599.939550 3968.634046 4249.282328 4492.708727 4720.802025 4938.250861 5148.948177 5351.783816 5547.745955 5736.197633 5874.068479 5927.880743 6099.783596 6267.753996 6429.963464 6580.216079 6718.091956 6838.357759 6935.541935 6983.409828 7204.924117 7354.193240 8656.255195 8751.438934 9002.065652 9824.830611 10351.39777 12143.89953 13609.69739 18199.65456 23812.64696 27912.93654 31414.15583 37518.43999 38038.83195 42015.74787 41025.88810 44641.63204 45462.01969 47921.29653 47367.32368 49422.05672 52804.32416 53297.27744 53796.44431 54345.49714 57527.70810 57477.64857 56775.38395 59010.98202 59624.60499 60231.96291 62013.11165 62206.55840 63235.12120 65629.32272 66119.39579 68704.68553 68609.18039 70219.31288 72401.49722 74644.99709 75599.25599 76411.71095 77175.04790 82430.74538 83384.15803 86793.38733 89425.57357 93369.26454 94536.85910 99440.98974 98499.00800 100345.9974 96876.22893 101467.8215 101617.4801 103243.2140 103766.3666 104700.0296 105191.8746 106280.7503 107545.9498 108243.5617 116818.7492 137511.4392 142733.9887 147247.2761 188062.4117 288122.1576 24729757.60 2.479800101e-06 2.479800101e-06
      sorted:	 -6.591227262e-07 2.479800101e-06 2.479800101e-06 46.34473746 201.8367994 250.4770852 251.8551096 251.8551096 251.8551096 395.6945460 453.3505874 466.4748458 472.3255098 492.7913725 579.3794437 627.1080829 639.1022193 700.6565224 704.9092598 709.5324270 715.0611225 721.7681740 729.4300558 736.4860309 743.9154626 749.6450023 765.1380434 782.5800307 824.6677890 908.7657184 1024.419191 1099.507138 1301.332657 1463.906518 1565.334674 1647.718837 1706.171938 1780.335216 1890.560299 2293.670952 2485.595830 2776.422790 2909.465971 2950.602609 3067.943213 3146.387446 3178.289068 3366.003577 3599.939550 3968.634046 4249.282328 4492.708727 4720.802025 4938.250861 5148.948177 5351.783816 5547.745955 5736.197633 5874.068479 5927.880743 6099.783596 6267.753996 6429.963464 6580.216079 6718.091956 6838.357759 6935.541935 6983.409828 7204.924117 7354.193240 8656.255195 8751.438934 9002.065652 9824.830611 10351.39777 12143.89953 13609.69739 18199.65456 23812.64696 27912.93654 31414.15583 37518.43999 38038.83195 41025.88810 42015.74787 44641.63204 45462.01969 47367.32368 47921.29653 49422.05672 52804.32416 53297.27744 53796.44431 54345.49714 56775.38395 57477.64857 57527.70810 59010.98202 59624.60499 60231.96291 62013.11165 62206.55840 63235.12120 65629.32272 66119.39579 68609.18039 68704.68553 70219.31288 72401.49722 74644.99709 75599.25599 76411.71095 77175.04790 82430.74538 83384.15803 86793.38733 89425.57357 93369.26454 94536.85910 96876.22893 98499.00800 99440.98974 100345.9974 101467.8215 101617.4801 103243.2140 103766.3666 104700.0296 105191.8746 106280.7503 107545.9498 108243.5617 116818.7492 137511.4392 142733.9887 147247.2761 188062.4117 288122.1576 24729757.60
